Vectors amount:  2
Ham: 
 [[0. 1.]
 [1. 0.]]
Solution:
 [[1.]
 [1.]]   1.0
______________________________________________________________
Vectors amount:  3
Ham: 
 [[0. 1. 1.]
 [1. 0. 1.]
 [1. 1. 0.]]
Solution:
 [[0.5]
 [0.5]
 [0.5]]   0.5
______________________________________________________________
Vectors amount:  4
Ham: 
 [[0. 1. 1. 1.]
 [1. 0. 1. 1.]
 [1. 1. 0. 1.]
 [1. 1. 1. 0.]]
Solution:
 [[0.33333333]
 [0.33333333]
 [0.33333333]
 [0.33333333]]   0.33333333333333337
______________________________________________________________
Vectors amount:  5
Ham: 
 [[0. 1. 1. 1. 1.]
 [1. 0. 1. 1. 1.]
 [1. 1. 0. 1. 1.]
 [1. 1. 1. 0. 1.]
 [1. 1. 1. 1. 0.]]
Solution:
 [[0.25]
 [0.25]
 [0.25]
 [0.25]
 [0.25]]   0.25000000000000006
______________________________________________________________
Vectors amount:  6
Ham: 
 [[0. 1. 1. 1. 1. 1.]
 [1. 0. 1. 1. 1. 1.]
 [1. 1. 0. 1. 1. 1.]
 [1. 1. 1. 0. 1. 1.]
 [1. 1. 1. 1. 0. 1.]
 [1. 1. 1. 1. 1. 0.]]
Solution:
 [[0.2]
 [0.2]
 [0.2]
 [0.2]
 [0.2]
 [0.2]]   0.20000000000000004
______________________________________________________________
Vectors amount:  7
Ham: 
 [[0. 1. 1. 1. 1. 1. 1.]
 [1. 0. 1. 1. 1. 1. 1.]
 [1. 1. 0. 1. 1. 1. 1.]
 [1. 1. 1. 0. 1. 1. 1.]
 [1. 1. 1. 1. 0. 1. 1.]
 [1. 1. 1. 1. 1. 0. 1.]
 [1. 1. 1. 1. 1. 1. 0.]]
Solution:
 [[0.16666667]
 [0.16666667]
 [0.16666667]
 [0.16666667]
 [0.16666667]
 [0.16666667]
 [0.16666667]]   0.1666666666666667
______________________________________________________________
Vectors amount:  8
Ham: 
 [[0. 1. 1. 1. 1. 1. 1. 1.]
 [1. 0. 1. 1. 1. 1. 1. 1.]
 [1. 1. 0. 1. 1. 1. 1. 1.]
 [1. 1. 1. 0. 1. 1. 1. 1.]
 [1. 1. 1. 1. 0. 1. 1. 1.]
 [1. 1. 1. 1. 1. 0. 1. 1.]
 [1. 1. 1. 1. 1. 1. 0. 1.]
 [1. 1. 1. 1. 1. 1. 1. 0.]]
Solution:
 [[0.14285714]
 [0.14285714]
 [0.14285714]
 [0.14285714]
 [0.14285714]
 [0.14285714]
 [0.14285714]
 [0.14285714]]   0.1428571428571429
______________________________________________________________
Vectors amount:  9
Ham: 
 [[0. 1. 1. 1. 1. 1. 1. 1. 1.]
 [1. 0. 1. 1. 1. 1. 1. 1. 1.]
 [1. 1. 0. 1. 1. 1. 1. 1. 1.]
 [1. 1. 1. 0. 1. 1. 1. 1. 1.]
 [1. 1. 1. 1. 0. 1. 1. 1. 1.]
 [1. 1. 1. 1. 1. 0. 1. 1. 1.]
 [1. 1. 1. 1. 1. 1. 0. 1. 1.]
 [1. 1. 1. 1. 1. 1. 1. 0. 1.]
 [1. 1. 1. 1. 1. 1. 1. 1. 0.]]
Solution:
 [[0.125]
 [0.125]
 [0.125]
 [0.125]
 [0.125]
 [0.125]
 [0.125]
 [0.125]
 [0.125]]   0.12500000000000003
______________________________________________________________
Vectors amount:  10
Ham: 
 [[0. 1. 1. 1. 1. 1. 1. 1. 1. 1.]
 [1. 0. 1. 1. 1. 1. 1. 1. 1. 1.]
 [1. 1. 0. 1. 1. 1. 1. 1. 1. 1.]
 [1. 1. 1. 0. 1. 1. 1. 1. 1. 1.]
 [1. 1. 1. 1. 0. 1. 1. 1. 1. 1.]
 [1. 1. 1. 1. 1. 0. 1. 1. 1. 1.]
 [1. 1. 1. 1. 1. 1. 0. 1. 1. 1.]
 [1. 1. 1. 1. 1. 1. 1. 0. 1. 1.]
 [1. 1. 1. 1. 1. 1. 1. 1. 0. 1.]
 [1. 1. 1. 1. 1. 1. 1. 1. 1. 0.]]
Solution:
 [[0.11111111]
 [0.11111111]
 [0.11111111]
 [0.11111111]
 [0.11111111]
 [0.11111111]
 [0.11111111]
 [0.11111111]
 [0.11111111]
 [0.11111111]]   0.11111111111111115
______________________________________________________________
Vectors amount:  11
Ham: 
 [[0. 1. 1. 1. 1. 1. 1. 1. 1. 1. 1.]
 [1. 0. 1. 1. 1. 1. 1. 1. 1. 1. 1.]
 [1. 1. 0. 1. 1. 1. 1. 1. 1. 1. 1.]
 [1. 1. 1. 0. 1. 1. 1. 1. 1. 1. 1.]
 [1. 1. 1. 1. 0. 1. 1. 1. 1. 1. 1.]
 [1. 1. 1. 1. 1. 0. 1. 1. 1. 1. 1.]
 [1. 1. 1. 1. 1. 1. 0. 1. 1. 1. 1.]
 [1. 1. 1. 1. 1. 1. 1. 0. 1. 1. 1.]
 [1. 1. 1. 1. 1. 1. 1. 1. 0. 1. 1.]
 [1. 1. 1. 1. 1. 1. 1. 1. 1. 0. 1.]
 [1. 1. 1. 1. 1. 1. 1. 1. 1. 1. 0.]]
Solution:
 [[0.1]
 [0.1]
 [0.1]
 [0.1]
 [0.1]
 [0.1]
 [0.1]
 [0.1]
 [0.1]
 [0.1]
 [0.1]]   0.10000000000000002
______________________________________________________________
Vectors amount:  12
Ham: 
 [[0. 1. 1. 1. 1. 1. 1. 1. 1. 1. 1. 1.]
 [1. 0. 1. 1. 1. 1. 1. 1. 1. 1. 1. 1.]
 [1. 1. 0. 1. 1. 1. 1. 1. 1. 1. 1. 1.]
 [1. 1. 1. 0. 1. 1. 1. 1. 1. 1. 1. 1.]
 [1. 1. 1. 1. 0. 1. 1. 1. 1. 1. 1. 1.]
 [1. 1. 1. 1. 1. 0. 1. 1. 1. 1. 1. 1.]
 [1. 1. 1. 1. 1. 1. 0. 1. 1. 1. 1. 1.]
 [1. 1. 1. 1. 1. 1. 1. 0. 1. 1. 1. 1.]
 [1. 1. 1. 1. 1. 1. 1. 1. 0. 1. 1. 1.]
 [1. 1. 1. 1. 1. 1. 1. 1. 1. 0. 1. 1.]
 [1. 1. 1. 1. 1. 1. 1. 1. 1. 1. 0. 1.]
 [1. 1. 1. 1. 1. 1. 1. 1. 1. 1. 1. 0.]]
Solution:
 [[0.09090909]
 [0.09090909]
 [0.09090909]
 [0.09090909]
 [0.09090909]
 [0.09090909]
 [0.09090909]
 [0.09090909]
 [0.09090909]
 [0.09090909]
 [0.09090909]
 [0.09090909]]   0.09090909090909095
______________________________________________________________
Vectors amount:  13
Ham: 
 [[0. 1. 1. 1. 1. 1. 1. 1. 1. 1. 1. 1. 1.]
 [1. 0. 1. 1. 1. 1. 1. 1. 1. 1. 1. 1. 1.]
 [1. 1. 0. 1. 1. 1. 1. 1. 1. 1. 1. 1. 1.]
 [1. 1. 1. 0. 1. 1. 1. 1. 1. 1. 1. 1. 1.]
 [1. 1. 1. 1. 0. 1. 1. 1. 1. 1. 1. 1. 1.]
 [1. 1. 1. 1. 1. 0. 1. 1. 1. 1. 1. 1. 1.]
 [1. 1. 1. 1. 1. 1. 0. 1. 1. 1. 1. 1. 1.]
 [1. 1. 1. 1. 1. 1. 1. 0. 1. 1. 1. 1. 1.]
 [1. 1. 1. 1. 1. 1. 1. 1. 0. 1. 1. 1. 1.]
 [1. 1. 1. 1. 1. 1. 1. 1. 1. 0. 1. 1. 1.]
 [1. 1. 1. 1. 1. 1. 1. 1. 1. 1. 0. 1. 1.]
 [1. 1. 1. 1. 1. 1. 1. 1. 1. 1. 1. 0. 1.]
 [1. 1. 1. 1. 1. 1. 1. 1. 1. 1. 1. 1. 0.]]
Solution:
 [[0.08333333]
 [0.08333333]
 [0.08333333]
 [0.08333333]
 [0.08333333]
 [0.08333333]
 [0.08333333]
 [0.08333333]
 [0.08333333]
 [0.08333333]
 [0.08333333]
 [0.08333333]
 [0.08333333]]   0.08333333333333337
______________________________________________________________
Vectors amount:  14
Ham: 
 [[0. 1. 1. 1. 1. 1. 1. 1. 1. 1. 1. 1. 1. 1.]
 [1. 0. 1. 1. 1. 1. 1. 1. 1. 1. 1. 1. 1. 1.]
 [1. 1. 0. 1. 1. 1. 1. 1. 1. 1. 1. 1. 1. 1.]
 [1. 1. 1. 0. 1. 1. 1. 1. 1. 1. 1. 1. 1. 1.]
 [1. 1. 1. 1. 0. 1. 1. 1. 1. 1. 1. 1. 1. 1.]
 [1. 1. 1. 1. 1. 0. 1. 1. 1. 1. 1. 1. 1. 1.]
 [1. 1. 1. 1. 1. 1. 0. 1. 1. 1. 1. 1. 1. 1.]
 [1. 1. 1. 1. 1. 1. 1. 0. 1. 1. 1. 1. 1. 1.]
 [1. 1. 1. 1. 1. 1. 1. 1. 0. 1. 1. 1. 1. 1.]
 [1. 1. 1. 1. 1. 1. 1. 1. 1. 0. 1. 1. 1. 1.]
 [1. 1. 1. 1. 1. 1. 1. 1. 1. 1. 0. 1. 1. 1.]
 [1. 1. 1. 1. 1. 1. 1. 1. 1. 1. 1. 0. 1. 1.]
 [1. 1. 1. 1. 1. 1. 1. 1. 1. 1. 1. 1. 0. 1.]
 [1. 1. 1. 1. 1. 1. 1. 1. 1. 1. 1. 1. 1. 0.]]
Solution:
 [[0.07692308]
 [0.07692308]
 [0.07692308]
 [0.07692308]
 [0.07692308]
 [0.07692308]
 [0.07692308]
 [0.07692308]
 [0.07692308]
 [0.07692308]
 [0.07692308]
 [0.07692308]
 [0.07692308]
 [0.07692308]]   0.07692307692307696
______________________________________________________________
Vectors amount:  15
Ham: 
 [[0. 1. 1. 1. 1. 1. 1. 1. 1. 1. 1. 1. 1. 1. 1.]
 [1. 0. 1. 1. 1. 1. 1. 1. 1. 1. 1. 1. 1. 1. 1.]
 [1. 1. 0. 1. 1. 1. 1. 1. 1. 1. 1. 1. 1. 1. 1.]
 [1. 1. 1. 0. 1. 1. 1. 1. 1. 1. 1. 1. 1. 1. 1.]
 [1. 1. 1. 1. 0. 1. 1. 1. 1. 1. 1. 1. 1. 1. 1.]
 [1. 1. 1. 1. 1. 0. 1. 1. 1. 1. 1. 1. 1. 1. 1.]
 [1. 1. 1. 1. 1. 1. 0. 1. 1. 1. 1. 1. 1. 1. 1.]
 [1. 1. 1. 1. 1. 1. 1. 0. 1. 1. 1. 1. 1. 1. 1.]
 [1. 1. 1. 1. 1. 1. 1. 1. 0. 1. 1. 1. 1. 1. 1.]
 [1. 1. 1. 1. 1. 1. 1. 1. 1. 0. 1. 1. 1. 1. 1.]
 [1. 1. 1. 1. 1. 1. 1. 1. 1. 1. 0. 1. 1. 1. 1.]
 [1. 1. 1. 1. 1. 1. 1. 1. 1. 1. 1. 0. 1. 1. 1.]
 [1. 1. 1. 1. 1. 1. 1. 1. 1. 1. 1. 1. 0. 1. 1.]
 [1. 1. 1. 1. 1. 1. 1. 1. 1. 1. 1. 1. 1. 0. 1.]
 [1. 1. 1. 1. 1. 1. 1. 1. 1. 1. 1. 1. 1. 1. 0.]]
Solution:
 [[0.07142857]
 [0.07142857]
 [0.07142857]
 [0.07142857]
 [0.07142857]
 [0.07142857]
 [0.07142857]
 [0.07142857]
 [0.07142857]
 [0.07142857]
 [0.07142857]
 [0.07142857]
 [0.07142857]
 [0.07142857]
 [0.07142857]]   0.07142857142857151
______________________________________________________________
Vectors amount:  16
Ham: 
 [[0. 1. 1. 1. 1. 1. 1. 1. 1. 1. 1. 1. 1. 1. 1. 1.]
 [1. 0. 1. 1. 1. 1. 1. 1. 1. 1. 1. 1. 1. 1. 1. 1.]
 [1. 1. 0. 1. 1. 1. 1. 1. 1. 1. 1. 1. 1. 1. 1. 1.]
 [1. 1. 1. 0. 1. 1. 1. 1. 1. 1. 1. 1. 1. 1. 1. 1.]
 [1. 1. 1. 1. 0. 1. 1. 1. 1. 1. 1. 1. 1. 1. 1. 1.]
 [1. 1. 1. 1. 1. 0. 1. 1. 1. 1. 1. 1. 1. 1. 1. 1.]
 [1. 1. 1. 1. 1. 1. 0. 1. 1. 1. 1. 1. 1. 1. 1. 1.]
 [1. 1. 1. 1. 1. 1. 1. 0. 1. 1. 1. 1. 1. 1. 1. 1.]
 [1. 1. 1. 1. 1. 1. 1. 1. 0. 1. 1. 1. 1. 1. 1. 1.]
 [1. 1. 1. 1. 1. 1. 1. 1. 1. 0. 1. 1. 1. 1. 1. 1.]
 [1. 1. 1. 1. 1. 1. 1. 1. 1. 1. 0. 1. 1. 1. 1. 1.]
 [1. 1. 1. 1. 1. 1. 1. 1. 1. 1. 1. 0. 1. 1. 1. 1.]
 [1. 1. 1. 1. 1. 1. 1. 1. 1. 1. 1. 1. 0. 1. 1. 1.]
 [1. 1. 1. 1. 1. 1. 1. 1. 1. 1. 1. 1. 1. 0. 1. 1.]
 [1. 1. 1. 1. 1. 1. 1. 1. 1. 1. 1. 1. 1. 1. 0. 1.]
 [1. 1. 1. 1. 1. 1. 1. 1. 1. 1. 1. 1. 1. 1. 1. 0.]]
Solution:
 [[0.06666667]
 [0.06666667]
 [0.06666667]
 [0.06666667]
 [0.06666667]
 [0.06666667]
 [0.06666667]
 [0.06666667]
 [0.06666667]
 [0.06666667]
 [0.06666667]
 [0.06666667]
 [0.06666667]
 [0.06666667]
 [0.06666667]
 [0.06666667]]   0.06666666666666672
______________________________________________________________
Vectors amount:  17
Ham: 
 [[0. 1. 1. 1. 1. 1. 1. 1. 1. 1. 1. 1. 1. 1. 1. 1. 1.]
 [1. 0. 1. 1. 1. 1. 1. 1. 1. 1. 1. 1. 1. 1. 1. 1. 1.]
 [1. 1. 0. 1. 1. 1. 1. 1. 1. 1. 1. 1. 1. 1. 1. 1. 1.]
 [1. 1. 1. 0. 1. 1. 1. 1. 1. 1. 1. 1. 1. 1. 1. 1. 1.]
 [1. 1. 1. 1. 0. 1. 1. 1. 1. 1. 1. 1. 1. 1. 1. 1. 1.]
 [1. 1. 1. 1. 1. 0. 1. 1. 1. 1. 1. 1. 1. 1. 1. 1. 1.]
 [1. 1. 1. 1. 1. 1. 0. 1. 1. 1. 1. 1. 1. 1. 1. 1. 1.]
 [1. 1. 1. 1. 1. 1. 1. 0. 1. 1. 1. 1. 1. 1. 1. 1. 1.]
 [1. 1. 1. 1. 1. 1. 1. 1. 0. 1. 1. 1. 1. 1. 1. 1. 1.]
 [1. 1. 1. 1. 1. 1. 1. 1. 1. 0. 1. 1. 1. 1. 1. 1. 1.]
 [1. 1. 1. 1. 1. 1. 1. 1. 1. 1. 0. 1. 1. 1. 1. 1. 1.]
 [1. 1. 1. 1. 1. 1. 1. 1. 1. 1. 1. 0. 1. 1. 1. 1. 1.]
 [1. 1. 1. 1. 1. 1. 1. 1. 1. 1. 1. 1. 0. 1. 1. 1. 1.]
 [1. 1. 1. 1. 1. 1. 1. 1. 1. 1. 1. 1. 1. 0. 1. 1. 1.]
 [1. 1. 1. 1. 1. 1. 1. 1. 1. 1. 1. 1. 1. 1. 0. 1. 1.]
 [1. 1. 1. 1. 1. 1. 1. 1. 1. 1. 1. 1. 1. 1. 1. 0. 1.]
 [1. 1. 1. 1. 1. 1. 1. 1. 1. 1. 1. 1. 1. 1. 1. 1. 0.]]
Solution:
 [[0.0625]
 [0.0625]
 [0.0625]
 [0.0625]
 [0.0625]
 [0.0625]
 [0.0625]
 [0.0625]
 [0.0625]
 [0.0625]
 [0.0625]
 [0.0625]
 [0.0625]
 [0.0625]
 [0.0625]
 [0.0625]
 [0.0625]]   0.06250000000000008
______________________________________________________________
Vectors amount:  18
Ham: 
 [[0. 1. 1. 1. 1. 1. 1. 1. 1. 1. 1. 1. 1. 1. 1. 1. 1. 1.]
 [1. 0. 1. 1. 1. 1. 1. 1. 1. 1. 1. 1. 1. 1. 1. 1. 1. 1.]
 [1. 1. 0. 1. 1. 1. 1. 1. 1. 1. 1. 1. 1. 1. 1. 1. 1. 1.]
 [1. 1. 1. 0. 1. 1. 1. 1. 1. 1. 1. 1. 1. 1. 1. 1. 1. 1.]
 [1. 1. 1. 1. 0. 1. 1. 1. 1. 1. 1. 1. 1. 1. 1. 1. 1. 1.]
 [1. 1. 1. 1. 1. 0. 1. 1. 1. 1. 1. 1. 1. 1. 1. 1. 1. 1.]
 [1. 1. 1. 1. 1. 1. 0. 1. 1. 1. 1. 1. 1. 1. 1. 1. 1. 1.]
 [1. 1. 1. 1. 1. 1. 1. 0. 1. 1. 1. 1. 1. 1. 1. 1. 1. 1.]
 [1. 1. 1. 1. 1. 1. 1. 1. 0. 1. 1. 1. 1. 1. 1. 1. 1. 1.]
 [1. 1. 1. 1. 1. 1. 1. 1. 1. 0. 1. 1. 1. 1. 1. 1. 1. 1.]
 [1. 1. 1. 1. 1. 1. 1. 1. 1. 1. 0. 1. 1. 1. 1. 1. 1. 1.]
 [1. 1. 1. 1. 1. 1. 1. 1. 1. 1. 1. 0. 1. 1. 1. 1. 1. 1.]
 [1. 1. 1. 1. 1. 1. 1. 1. 1. 1. 1. 1. 0. 1. 1. 1. 1. 1.]
 [1. 1. 1. 1. 1. 1. 1. 1. 1. 1. 1. 1. 1. 0. 1. 1. 1. 1.]
 [1. 1. 1. 1. 1. 1. 1. 1. 1. 1. 1. 1. 1. 1. 0. 1. 1. 1.]
 [1. 1. 1. 1. 1. 1. 1. 1. 1. 1. 1. 1. 1. 1. 1. 0. 1. 1.]
 [1. 1. 1. 1. 1. 1. 1. 1. 1. 1. 1. 1. 1. 1. 1. 1. 0. 1.]
 [1. 1. 1. 1. 1. 1. 1. 1. 1. 1. 1. 1. 1. 1. 1. 1. 1. 0.]]
Solution:
 [[0.05882353]
 [0.05882353]
 [0.05882353]
 [0.05882353]
 [0.05882353]
 [0.05882353]
 [0.05882353]
 [0.05882353]
 [0.05882353]
 [0.05882353]
 [0.05882353]
 [0.05882353]
 [0.05882353]
 [0.05882353]
 [0.05882353]
 [0.05882353]
 [0.05882353]
 [0.05882353]]   0.05882352941176474
______________________________________________________________
Vectors amount:  19
Ham: 
 [[0. 1. 1. 1. 1. 1. 1. 1. 1. 1. 1. 1. 1. 1. 1. 1. 1. 1. 1.]
 [1. 0. 1. 1. 1. 1. 1. 1. 1. 1. 1. 1. 1. 1. 1. 1. 1. 1. 1.]
 [1. 1. 0. 1. 1. 1. 1. 1. 1. 1. 1. 1. 1. 1. 1. 1. 1. 1. 1.]
 [1. 1. 1. 0. 1. 1. 1. 1. 1. 1. 1. 1. 1. 1. 1. 1. 1. 1. 1.]
 [1. 1. 1. 1. 0. 1. 1. 1. 1. 1. 1. 1. 1. 1. 1. 1. 1. 1. 1.]
 [1. 1. 1. 1. 1. 0. 1. 1. 1. 1. 1. 1. 1. 1. 1. 1. 1. 1. 1.]
 [1. 1. 1. 1. 1. 1. 0. 1. 1. 1. 1. 1. 1. 1. 1. 1. 1. 1. 1.]
 [1. 1. 1. 1. 1. 1. 1. 0. 1. 1. 1. 1. 1. 1. 1. 1. 1. 1. 1.]
 [1. 1. 1. 1. 1. 1. 1. 1. 0. 1. 1. 1. 1. 1. 1. 1. 1. 1. 1.]
 [1. 1. 1. 1. 1. 1. 1. 1. 1. 0. 1. 1. 1. 1. 1. 1. 1. 1. 1.]
 [1. 1. 1. 1. 1. 1. 1. 1. 1. 1. 0. 1. 1. 1. 1. 1. 1. 1. 1.]
 [1. 1. 1. 1. 1. 1. 1. 1. 1. 1. 1. 0. 1. 1. 1. 1. 1. 1. 1.]
 [1. 1. 1. 1. 1. 1. 1. 1. 1. 1. 1. 1. 0. 1. 1. 1. 1. 1. 1.]
 [1. 1. 1. 1. 1. 1. 1. 1. 1. 1. 1. 1. 1. 0. 1. 1. 1. 1. 1.]
 [1. 1. 1. 1. 1. 1. 1. 1. 1. 1. 1. 1. 1. 1. 0. 1. 1. 1. 1.]
 [1. 1. 1. 1. 1. 1. 1. 1. 1. 1. 1. 1. 1. 1. 1. 0. 1. 1. 1.]
 [1. 1. 1. 1. 1. 1. 1. 1. 1. 1. 1. 1. 1. 1. 1. 1. 0. 1. 1.]
 [1. 1. 1. 1. 1. 1. 1. 1. 1. 1. 1. 1. 1. 1. 1. 1. 1. 0. 1.]
 [1. 1. 1. 1. 1. 1. 1. 1. 1. 1. 1. 1. 1. 1. 1. 1. 1. 1. 0.]]
Solution:
 [[0.05555556]
 [0.05555556]
 [0.05555556]
 [0.05555556]
 [0.05555556]
 [0.05555556]
 [0.05555556]
 [0.05555556]
 [0.05555556]
 [0.05555556]
 [0.05555556]
 [0.05555556]
 [0.05555556]
 [0.05555556]
 [0.05555556]
 [0.05555556]
 [0.05555556]
 [0.05555556]
 [0.05555556]]   0.0555555555555556
______________________________________________________________
Vectors amount:  20
Ham: 
 [[0. 1. 1. 1. 1. 1. 1. 1. 1. 1. 1. 1. 1. 1. 1. 1. 1. 1. 1. 1.]
 [1. 0. 1. 1. 1. 1. 1. 1. 1. 1. 1. 1. 1. 1. 1. 1. 1. 1. 1. 1.]
 [1. 1. 0. 1. 1. 1. 1. 1. 1. 1. 1. 1. 1. 1. 1. 1. 1. 1. 1. 1.]
 [1. 1. 1. 0. 1. 1. 1. 1. 1. 1. 1. 1. 1. 1. 1. 1. 1. 1. 1. 1.]
 [1. 1. 1. 1. 0. 1. 1. 1. 1. 1. 1. 1. 1. 1. 1. 1. 1. 1. 1. 1.]
 [1. 1. 1. 1. 1. 0. 1. 1. 1. 1. 1. 1. 1. 1. 1. 1. 1. 1. 1. 1.]
 [1. 1. 1. 1. 1. 1. 0. 1. 1. 1. 1. 1. 1. 1. 1. 1. 1. 1. 1. 1.]
 [1. 1. 1. 1. 1. 1. 1. 0. 1. 1. 1. 1. 1. 1. 1. 1. 1. 1. 1. 1.]
 [1. 1. 1. 1. 1. 1. 1. 1. 0. 1. 1. 1. 1. 1. 1. 1. 1. 1. 1. 1.]
 [1. 1. 1. 1. 1. 1. 1. 1. 1. 0. 1. 1. 1. 1. 1. 1. 1. 1. 1. 1.]
 [1. 1. 1. 1. 1. 1. 1. 1. 1. 1. 0. 1. 1. 1. 1. 1. 1. 1. 1. 1.]
 [1. 1. 1. 1. 1. 1. 1. 1. 1. 1. 1. 0. 1. 1. 1. 1. 1. 1. 1. 1.]
 [1. 1. 1. 1. 1. 1. 1. 1. 1. 1. 1. 1. 0. 1. 1. 1. 1. 1. 1. 1.]
 [1. 1. 1. 1. 1. 1. 1. 1. 1. 1. 1. 1. 1. 0. 1. 1. 1. 1. 1. 1.]
 [1. 1. 1. 1. 1. 1. 1. 1. 1. 1. 1. 1. 1. 1. 0. 1. 1. 1. 1. 1.]
 [1. 1. 1. 1. 1. 1. 1. 1. 1. 1. 1. 1. 1. 1. 1. 0. 1. 1. 1. 1.]
 [1. 1. 1. 1. 1. 1. 1. 1. 1. 1. 1. 1. 1. 1. 1. 1. 0. 1. 1. 1.]
 [1. 1. 1. 1. 1. 1. 1. 1. 1. 1. 1. 1. 1. 1. 1. 1. 1. 0. 1. 1.]
 [1. 1. 1. 1. 1. 1. 1. 1. 1. 1. 1. 1. 1. 1. 1. 1. 1. 1. 0. 1.]
 [1. 1. 1. 1. 1. 1. 1. 1. 1. 1. 1. 1. 1. 1. 1. 1. 1. 1. 1. 0.]]
Solution:
 [[0.05263158]
 [0.05263158]
 [0.05263158]
 [0.05263158]
 [0.05263158]
 [0.05263158]
 [0.05263158]
 [0.05263158]
 [0.05263158]
 [0.05263158]
 [0.05263158]
 [0.05263158]
 [0.05263158]
 [0.05263158]
 [0.05263158]
 [0.05263158]
 [0.05263158]
 [0.05263158]
 [0.05263158]
 [0.05263158]]   0.05263157894736848
______________________________________________________________
Vectors amount:  21
Ham: 
 [[0. 1. 1. 1. 1. 1. 1. 1. 1. 1. 1. 1. 1. 1. 1. 1. 1. 1. 1. 1. 1.]
 [1. 0. 1. 1. 1. 1. 1. 1. 1. 1. 1. 1. 1. 1. 1. 1. 1. 1. 1. 1. 1.]
 [1. 1. 0. 1. 1. 1. 1. 1. 1. 1. 1. 1. 1. 1. 1. 1. 1. 1. 1. 1. 1.]
 [1. 1. 1. 0. 1. 1. 1. 1. 1. 1. 1. 1. 1. 1. 1. 1. 1. 1. 1. 1. 1.]
 [1. 1. 1. 1. 0. 1. 1. 1. 1. 1. 1. 1. 1. 1. 1. 1. 1. 1. 1. 1. 1.]
 [1. 1. 1. 1. 1. 0. 1. 1. 1. 1. 1. 1. 1. 1. 1. 1. 1. 1. 1. 1. 1.]
 [1. 1. 1. 1. 1. 1. 0. 1. 1. 1. 1. 1. 1. 1. 1. 1. 1. 1. 1. 1. 1.]
 [1. 1. 1. 1. 1. 1. 1. 0. 1. 1. 1. 1. 1. 1. 1. 1. 1. 1. 1. 1. 1.]
 [1. 1. 1. 1. 1. 1. 1. 1. 0. 1. 1. 1. 1. 1. 1. 1. 1. 1. 1. 1. 1.]
 [1. 1. 1. 1. 1. 1. 1. 1. 1. 0. 1. 1. 1. 1. 1. 1. 1. 1. 1. 1. 1.]
 [1. 1. 1. 1. 1. 1. 1. 1. 1. 1. 0. 1. 1. 1. 1. 1. 1. 1. 1. 1. 1.]
 [1. 1. 1. 1. 1. 1. 1. 1. 1. 1. 1. 0. 1. 1. 1. 1. 1. 1. 1. 1. 1.]
 [1. 1. 1. 1. 1. 1. 1. 1. 1. 1. 1. 1. 0. 1. 1. 1. 1. 1. 1. 1. 1.]
 [1. 1. 1. 1. 1. 1. 1. 1. 1. 1. 1. 1. 1. 0. 1. 1. 1. 1. 1. 1. 1.]
 [1. 1. 1. 1. 1. 1. 1. 1. 1. 1. 1. 1. 1. 1. 0. 1. 1. 1. 1. 1. 1.]
 [1. 1. 1. 1. 1. 1. 1. 1. 1. 1. 1. 1. 1. 1. 1. 0. 1. 1. 1. 1. 1.]
 [1. 1. 1. 1. 1. 1. 1. 1. 1. 1. 1. 1. 1. 1. 1. 1. 0. 1. 1. 1. 1.]
 [1. 1. 1. 1. 1. 1. 1. 1. 1. 1. 1. 1. 1. 1. 1. 1. 1. 0. 1. 1. 1.]
 [1. 1. 1. 1. 1. 1. 1. 1. 1. 1. 1. 1. 1. 1. 1. 1. 1. 1. 0. 1. 1.]
 [1. 1. 1. 1. 1. 1. 1. 1. 1. 1. 1. 1. 1. 1. 1. 1. 1. 1. 1. 0. 1.]
 [1. 1. 1. 1. 1. 1. 1. 1. 1. 1. 1. 1. 1. 1. 1. 1. 1. 1. 1. 1. 0.]]
Solution:
 [[0.05]
 [0.05]
 [0.05]
 [0.05]
 [0.05]
 [0.05]
 [0.05]
 [0.05]
 [0.05]
 [0.05]
 [0.05]
 [0.05]
 [0.05]
 [0.05]
 [0.05]
 [0.05]
 [0.05]
 [0.05]
 [0.05]
 [0.05]
 [0.05]]   0.05000000000000007
______________________________________________________________
Vectors amount:  22
Ham: 
 [[0. 1. 1. 1. 1. 1. 1. 1. 1. 1. 1. 1. 1. 1. 1. 1. 1. 1. 1. 1. 1. 1.]
 [1. 0. 1. 1. 1. 1. 1. 1. 1. 1. 1. 1. 1. 1. 1. 1. 1. 1. 1. 1. 1. 1.]
 [1. 1. 0. 1. 1. 1. 1. 1. 1. 1. 1. 1. 1. 1. 1. 1. 1. 1. 1. 1. 1. 1.]
 [1. 1. 1. 0. 1. 1. 1. 1. 1. 1. 1. 1. 1. 1. 1. 1. 1. 1. 1. 1. 1. 1.]
 [1. 1. 1. 1. 0. 1. 1. 1. 1. 1. 1. 1. 1. 1. 1. 1. 1. 1. 1. 1. 1. 1.]
 [1. 1. 1. 1. 1. 0. 1. 1. 1. 1. 1. 1. 1. 1. 1. 1. 1. 1. 1. 1. 1. 1.]
 [1. 1. 1. 1. 1. 1. 0. 1. 1. 1. 1. 1. 1. 1. 1. 1. 1. 1. 1. 1. 1. 1.]
 [1. 1. 1. 1. 1. 1. 1. 0. 1. 1. 1. 1. 1. 1. 1. 1. 1. 1. 1. 1. 1. 1.]
 [1. 1. 1. 1. 1. 1. 1. 1. 0. 1. 1. 1. 1. 1. 1. 1. 1. 1. 1. 1. 1. 1.]
 [1. 1. 1. 1. 1. 1. 1. 1. 1. 0. 1. 1. 1. 1. 1. 1. 1. 1. 1. 1. 1. 1.]
 [1. 1. 1. 1. 1. 1. 1. 1. 1. 1. 0. 1. 1. 1. 1. 1. 1. 1. 1. 1. 1. 1.]
 [1. 1. 1. 1. 1. 1. 1. 1. 1. 1. 1. 0. 1. 1. 1. 1. 1. 1. 1. 1. 1. 1.]
 [1. 1. 1. 1. 1. 1. 1. 1. 1. 1. 1. 1. 0. 1. 1. 1. 1. 1. 1. 1. 1. 1.]
 [1. 1. 1. 1. 1. 1. 1. 1. 1. 1. 1. 1. 1. 0. 1. 1. 1. 1. 1. 1. 1. 1.]
 [1. 1. 1. 1. 1. 1. 1. 1. 1. 1. 1. 1. 1. 1. 0. 1. 1. 1. 1. 1. 1. 1.]
 [1. 1. 1. 1. 1. 1. 1. 1. 1. 1. 1. 1. 1. 1. 1. 0. 1. 1. 1. 1. 1. 1.]
 [1. 1. 1. 1. 1. 1. 1. 1. 1. 1. 1. 1. 1. 1. 1. 1. 0. 1. 1. 1. 1. 1.]
 [1. 1. 1. 1. 1. 1. 1. 1. 1. 1. 1. 1. 1. 1. 1. 1. 1. 0. 1. 1. 1. 1.]
 [1. 1. 1. 1. 1. 1. 1. 1. 1. 1. 1. 1. 1. 1. 1. 1. 1. 1. 0. 1. 1. 1.]
 [1. 1. 1. 1. 1. 1. 1. 1. 1. 1. 1. 1. 1. 1. 1. 1. 1. 1. 1. 0. 1. 1.]
 [1. 1. 1. 1. 1. 1. 1. 1. 1. 1. 1. 1. 1. 1. 1. 1. 1. 1. 1. 1. 0. 1.]
 [1. 1. 1. 1. 1. 1. 1. 1. 1. 1. 1. 1. 1. 1. 1. 1. 1. 1. 1. 1. 1. 0.]]
Solution:
 [[0.04761905]
 [0.04761905]
 [0.04761905]
 [0.04761905]
 [0.04761905]
 [0.04761905]
 [0.04761905]
 [0.04761905]
 [0.04761905]
 [0.04761905]
 [0.04761905]
 [0.04761905]
 [0.04761905]
 [0.04761905]
 [0.04761905]
 [0.04761905]
 [0.04761905]
 [0.04761905]
 [0.04761905]
 [0.04761905]
 [0.04761905]
 [0.04761905]]   0.0476190476190477
______________________________________________________________
Vectors amount:  23
Ham: 
 [[0. 1. 1. 1. 1. 1. 1. 1. 1. 1. 1. 1. 1. 1. 1. 1. 1. 1. 1. 1. 1. 1. 1.]
 [1. 0. 1. 1. 1. 1. 1. 1. 1. 1. 1. 1. 1. 1. 1. 1. 1. 1. 1. 1. 1. 1. 1.]
 [1. 1. 0. 1. 1. 1. 1. 1. 1. 1. 1. 1. 1. 1. 1. 1. 1. 1. 1. 1. 1. 1. 1.]
 [1. 1. 1. 0. 1. 1. 1. 1. 1. 1. 1. 1. 1. 1. 1. 1. 1. 1. 1. 1. 1. 1. 1.]
 [1. 1. 1. 1. 0. 1. 1. 1. 1. 1. 1. 1. 1. 1. 1. 1. 1. 1. 1. 1. 1. 1. 1.]
 [1. 1. 1. 1. 1. 0. 1. 1. 1. 1. 1. 1. 1. 1. 1. 1. 1. 1. 1. 1. 1. 1. 1.]
 [1. 1. 1. 1. 1. 1. 0. 1. 1. 1. 1. 1. 1. 1. 1. 1. 1. 1. 1. 1. 1. 1. 1.]
 [1. 1. 1. 1. 1. 1. 1. 0. 1. 1. 1. 1. 1. 1. 1. 1. 1. 1. 1. 1. 1. 1. 1.]
 [1. 1. 1. 1. 1. 1. 1. 1. 0. 1. 1. 1. 1. 1. 1. 1. 1. 1. 1. 1. 1. 1. 1.]
 [1. 1. 1. 1. 1. 1. 1. 1. 1. 0. 1. 1. 1. 1. 1. 1. 1. 1. 1. 1. 1. 1. 1.]
 [1. 1. 1. 1. 1. 1. 1. 1. 1. 1. 0. 1. 1. 1. 1. 1. 1. 1. 1. 1. 1. 1. 1.]
 [1. 1. 1. 1. 1. 1. 1. 1. 1. 1. 1. 0. 1. 1. 1. 1. 1. 1. 1. 1. 1. 1. 1.]
 [1. 1. 1. 1. 1. 1. 1. 1. 1. 1. 1. 1. 0. 1. 1. 1. 1. 1. 1. 1. 1. 1. 1.]
 [1. 1. 1. 1. 1. 1. 1. 1. 1. 1. 1. 1. 1. 0. 1. 1. 1. 1. 1. 1. 1. 1. 1.]
 [1. 1. 1. 1. 1. 1. 1. 1. 1. 1. 1. 1. 1. 1. 0. 1. 1. 1. 1. 1. 1. 1. 1.]
 [1. 1. 1. 1. 1. 1. 1. 1. 1. 1. 1. 1. 1. 1. 1. 0. 1. 1. 1. 1. 1. 1. 1.]
 [1. 1. 1. 1. 1. 1. 1. 1. 1. 1. 1. 1. 1. 1. 1. 1. 0. 1. 1. 1. 1. 1. 1.]
 [1. 1. 1. 1. 1. 1. 1. 1. 1. 1. 1. 1. 1. 1. 1. 1. 1. 0. 1. 1. 1. 1. 1.]
 [1. 1. 1. 1. 1. 1. 1. 1. 1. 1. 1. 1. 1. 1. 1. 1. 1. 1. 0. 1. 1. 1. 1.]
 [1. 1. 1. 1. 1. 1. 1. 1. 1. 1. 1. 1. 1. 1. 1. 1. 1. 1. 1. 0. 1. 1. 1.]
 [1. 1. 1. 1. 1. 1. 1. 1. 1. 1. 1. 1. 1. 1. 1. 1. 1. 1. 1. 1. 0. 1. 1.]
 [1. 1. 1. 1. 1. 1. 1. 1. 1. 1. 1. 1. 1. 1. 1. 1. 1. 1. 1. 1. 1. 0. 1.]
 [1. 1. 1. 1. 1. 1. 1. 1. 1. 1. 1. 1. 1. 1. 1. 1. 1. 1. 1. 1. 1. 1. 0.]]
Solution:
 [[0.04545455]
 [0.04545455]
 [0.04545455]
 [0.04545455]
 [0.04545455]
 [0.04545455]
 [0.04545455]
 [0.04545455]
 [0.04545455]
 [0.04545455]
 [0.04545455]
 [0.04545455]
 [0.04545455]
 [0.04545455]
 [0.04545455]
 [0.04545455]
 [0.04545455]
 [0.04545455]
 [0.04545455]
 [0.04545455]
 [0.04545455]
 [0.04545455]
 [0.04545455]]   0.04545454545454555
______________________________________________________________
Vectors amount:  24
Ham: 
 [[0. 1. 1. 1. 1. 1. 1. 1. 1. 1. 1. 1. 1. 1. 1. 1. 1. 1. 1. 1. 1. 1. 1. 1.]
 [1. 0. 1. 1. 1. 1. 1. 1. 1. 1. 1. 1. 1. 1. 1. 1. 1. 1. 1. 1. 1. 1. 1. 1.]
 [1. 1. 0. 1. 1. 1. 1. 1. 1. 1. 1. 1. 1. 1. 1. 1. 1. 1. 1. 1. 1. 1. 1. 1.]
 [1. 1. 1. 0. 1. 1. 1. 1. 1. 1. 1. 1. 1. 1. 1. 1. 1. 1. 1. 1. 1. 1. 1. 1.]
 [1. 1. 1. 1. 0. 1. 1. 1. 1. 1. 1. 1. 1. 1. 1. 1. 1. 1. 1. 1. 1. 1. 1. 1.]
 [1. 1. 1. 1. 1. 0. 1. 1. 1. 1. 1. 1. 1. 1. 1. 1. 1. 1. 1. 1. 1. 1. 1. 1.]
 [1. 1. 1. 1. 1. 1. 0. 1. 1. 1. 1. 1. 1. 1. 1. 1. 1. 1. 1. 1. 1. 1. 1. 1.]
 [1. 1. 1. 1. 1. 1. 1. 0. 1. 1. 1. 1. 1. 1. 1. 1. 1. 1. 1. 1. 1. 1. 1. 1.]
 [1. 1. 1. 1. 1. 1. 1. 1. 0. 1. 1. 1. 1. 1. 1. 1. 1. 1. 1. 1. 1. 1. 1. 1.]
 [1. 1. 1. 1. 1. 1. 1. 1. 1. 0. 1. 1. 1. 1. 1. 1. 1. 1. 1. 1. 1. 1. 1. 1.]
 [1. 1. 1. 1. 1. 1. 1. 1. 1. 1. 0. 1. 1. 1. 1. 1. 1. 1. 1. 1. 1. 1. 1. 1.]
 [1. 1. 1. 1. 1. 1. 1. 1. 1. 1. 1. 0. 1. 1. 1. 1. 1. 1. 1. 1. 1. 1. 1. 1.]
 [1. 1. 1. 1. 1. 1. 1. 1. 1. 1. 1. 1. 0. 1. 1. 1. 1. 1. 1. 1. 1. 1. 1. 1.]
 [1. 1. 1. 1. 1. 1. 1. 1. 1. 1. 1. 1. 1. 0. 1. 1. 1. 1. 1. 1. 1. 1. 1. 1.]
 [1. 1. 1. 1. 1. 1. 1. 1. 1. 1. 1. 1. 1. 1. 0. 1. 1. 1. 1. 1. 1. 1. 1. 1.]
 [1. 1. 1. 1. 1. 1. 1. 1. 1. 1. 1. 1. 1. 1. 1. 0. 1. 1. 1. 1. 1. 1. 1. 1.]
 [1. 1. 1. 1. 1. 1. 1. 1. 1. 1. 1. 1. 1. 1. 1. 1. 0. 1. 1. 1. 1. 1. 1. 1.]
 [1. 1. 1. 1. 1. 1. 1. 1. 1. 1. 1. 1. 1. 1. 1. 1. 1. 0. 1. 1. 1. 1. 1. 1.]
 [1. 1. 1. 1. 1. 1. 1. 1. 1. 1. 1. 1. 1. 1. 1. 1. 1. 1. 0. 1. 1. 1. 1. 1.]
 [1. 1. 1. 1. 1. 1. 1. 1. 1. 1. 1. 1. 1. 1. 1. 1. 1. 1. 1. 0. 1. 1. 1. 1.]
 [1. 1. 1. 1. 1. 1. 1. 1. 1. 1. 1. 1. 1. 1. 1. 1. 1. 1. 1. 1. 0. 1. 1. 1.]
 [1. 1. 1. 1. 1. 1. 1. 1. 1. 1. 1. 1. 1. 1. 1. 1. 1. 1. 1. 1. 1. 0. 1. 1.]
 [1. 1. 1. 1. 1. 1. 1. 1. 1. 1. 1. 1. 1. 1. 1. 1. 1. 1. 1. 1. 1. 1. 0. 1.]
 [1. 1. 1. 1. 1. 1. 1. 1. 1. 1. 1. 1. 1. 1. 1. 1. 1. 1. 1. 1. 1. 1. 1. 0.]]
Solution:
 [[0.04347826]
 [0.04347826]
 [0.04347826]
 [0.04347826]
 [0.04347826]
 [0.04347826]
 [0.04347826]
 [0.04347826]
 [0.04347826]
 [0.04347826]
 [0.04347826]
 [0.04347826]
 [0.04347826]
 [0.04347826]
 [0.04347826]
 [0.04347826]
 [0.04347826]
 [0.04347826]
 [0.04347826]
 [0.04347826]
 [0.04347826]
 [0.04347826]
 [0.04347826]
 [0.04347826]]   0.04347826086956533
______________________________________________________________
Vectors amount:  25
Ham: 
 [[0. 1. 1. 1. 1. 1. 1. 1. 1. 1. 1. 1. 1. 1. 1. 1. 1. 1. 1. 1. 1. 1. 1. 1.
  1.]
 [1. 0. 1. 1. 1. 1. 1. 1. 1. 1. 1. 1. 1. 1. 1. 1. 1. 1. 1. 1. 1. 1. 1. 1.
  1.]
 [1. 1. 0. 1. 1. 1. 1. 1. 1. 1. 1. 1. 1. 1. 1. 1. 1. 1. 1. 1. 1. 1. 1. 1.
  1.]
 [1. 1. 1. 0. 1. 1. 1. 1. 1. 1. 1. 1. 1. 1. 1. 1. 1. 1. 1. 1. 1. 1. 1. 1.
  1.]
 [1. 1. 1. 1. 0. 1. 1. 1. 1. 1. 1. 1. 1. 1. 1. 1. 1. 1. 1. 1. 1. 1. 1. 1.
  1.]
 [1. 1. 1. 1. 1. 0. 1. 1. 1. 1. 1. 1. 1. 1. 1. 1. 1. 1. 1. 1. 1. 1. 1. 1.
  1.]
 [1. 1. 1. 1. 1. 1. 0. 1. 1. 1. 1. 1. 1. 1. 1. 1. 1. 1. 1. 1. 1. 1. 1. 1.
  1.]
 [1. 1. 1. 1. 1. 1. 1. 0. 1. 1. 1. 1. 1. 1. 1. 1. 1. 1. 1. 1. 1. 1. 1. 1.
  1.]
 [1. 1. 1. 1. 1. 1. 1. 1. 0. 1. 1. 1. 1. 1. 1. 1. 1. 1. 1. 1. 1. 1. 1. 1.
  1.]
 [1. 1. 1. 1. 1. 1. 1. 1. 1. 0. 1. 1. 1. 1. 1. 1. 1. 1. 1. 1. 1. 1. 1. 1.
  1.]
 [1. 1. 1. 1. 1. 1. 1. 1. 1. 1. 0. 1. 1. 1. 1. 1. 1. 1. 1. 1. 1. 1. 1. 1.
  1.]
 [1. 1. 1. 1. 1. 1. 1. 1. 1. 1. 1. 0. 1. 1. 1. 1. 1. 1. 1. 1. 1. 1. 1. 1.
  1.]
 [1. 1. 1. 1. 1. 1. 1. 1. 1. 1. 1. 1. 0. 1. 1. 1. 1. 1. 1. 1. 1. 1. 1. 1.
  1.]
 [1. 1. 1. 1. 1. 1. 1. 1. 1. 1. 1. 1. 1. 0. 1. 1. 1. 1. 1. 1. 1. 1. 1. 1.
  1.]
 [1. 1. 1. 1. 1. 1. 1. 1. 1. 1. 1. 1. 1. 1. 0. 1. 1. 1. 1. 1. 1. 1. 1. 1.
  1.]
 [1. 1. 1. 1. 1. 1. 1. 1. 1. 1. 1. 1. 1. 1. 1. 0. 1. 1. 1. 1. 1. 1. 1. 1.
  1.]
 [1. 1. 1. 1. 1. 1. 1. 1. 1. 1. 1. 1. 1. 1. 1. 1. 0. 1. 1. 1. 1. 1. 1. 1.
  1.]
 [1. 1. 1. 1. 1. 1. 1. 1. 1. 1. 1. 1. 1. 1. 1. 1. 1. 0. 1. 1. 1. 1. 1. 1.
  1.]
 [1. 1. 1. 1. 1. 1. 1. 1. 1. 1. 1. 1. 1. 1. 1. 1. 1. 1. 0. 1. 1. 1. 1. 1.
  1.]
 [1. 1. 1. 1. 1. 1. 1. 1. 1. 1. 1. 1. 1. 1. 1. 1. 1. 1. 1. 0. 1. 1. 1. 1.
  1.]
 [1. 1. 1. 1. 1. 1. 1. 1. 1. 1. 1. 1. 1. 1. 1. 1. 1. 1. 1. 1. 0. 1. 1. 1.
  1.]
 [1. 1. 1. 1. 1. 1. 1. 1. 1. 1. 1. 1. 1. 1. 1. 1. 1. 1. 1. 1. 1. 0. 1. 1.
  1.]
 [1. 1. 1. 1. 1. 1. 1. 1. 1. 1. 1. 1. 1. 1. 1. 1. 1. 1. 1. 1. 1. 1. 0. 1.
  1.]
 [1. 1. 1. 1. 1. 1. 1. 1. 1. 1. 1. 1. 1. 1. 1. 1. 1. 1. 1. 1. 1. 1. 1. 0.
  1.]
 [1. 1. 1. 1. 1. 1. 1. 1. 1. 1. 1. 1. 1. 1. 1. 1. 1. 1. 1. 1. 1. 1. 1. 1.
  0.]]
Solution:
 [[0.04166667]
 [0.04166667]
 [0.04166667]
 [0.04166667]
 [0.04166667]
 [0.04166667]
 [0.04166667]
 [0.04166667]
 [0.04166667]
 [0.04166667]
 [0.04166667]
 [0.04166667]
 [0.04166667]
 [0.04166667]
 [0.04166667]
 [0.04166667]
 [0.04166667]
 [0.04166667]
 [0.04166667]
 [0.04166667]
 [0.04166667]
 [0.04166667]
 [0.04166667]
 [0.04166667]
 [0.04166667]]   0.041666666666666775
______________________________________________________________
Vectors amount:  26
Ham: 
 [[0. 1. 1. 1. 1. 1. 1. 1. 1. 1. 1. 1. 1. 1. 1. 1. 1. 1. 1. 1. 1. 1. 1. 1.
  1. 1.]
 [1. 0. 1. 1. 1. 1. 1. 1. 1. 1. 1. 1. 1. 1. 1. 1. 1. 1. 1. 1. 1. 1. 1. 1.
  1. 1.]
 [1. 1. 0. 1. 1. 1. 1. 1. 1. 1. 1. 1. 1. 1. 1. 1. 1. 1. 1. 1. 1. 1. 1. 1.
  1. 1.]
 [1. 1. 1. 0. 1. 1. 1. 1. 1. 1. 1. 1. 1. 1. 1. 1. 1. 1. 1. 1. 1. 1. 1. 1.
  1. 1.]
 [1. 1. 1. 1. 0. 1. 1. 1. 1. 1. 1. 1. 1. 1. 1. 1. 1. 1. 1. 1. 1. 1. 1. 1.
  1. 1.]
 [1. 1. 1. 1. 1. 0. 1. 1. 1. 1. 1. 1. 1. 1. 1. 1. 1. 1. 1. 1. 1. 1. 1. 1.
  1. 1.]
 [1. 1. 1. 1. 1. 1. 0. 1. 1. 1. 1. 1. 1. 1. 1. 1. 1. 1. 1. 1. 1. 1. 1. 1.
  1. 1.]
 [1. 1. 1. 1. 1. 1. 1. 0. 1. 1. 1. 1. 1. 1. 1. 1. 1. 1. 1. 1. 1. 1. 1. 1.
  1. 1.]
 [1. 1. 1. 1. 1. 1. 1. 1. 0. 1. 1. 1. 1. 1. 1. 1. 1. 1. 1. 1. 1. 1. 1. 1.
  1. 1.]
 [1. 1. 1. 1. 1. 1. 1. 1. 1. 0. 1. 1. 1. 1. 1. 1. 1. 1. 1. 1. 1. 1. 1. 1.
  1. 1.]
 [1. 1. 1. 1. 1. 1. 1. 1. 1. 1. 0. 1. 1. 1. 1. 1. 1. 1. 1. 1. 1. 1. 1. 1.
  1. 1.]
 [1. 1. 1. 1. 1. 1. 1. 1. 1. 1. 1. 0. 1. 1. 1. 1. 1. 1. 1. 1. 1. 1. 1. 1.
  1. 1.]
 [1. 1. 1. 1. 1. 1. 1. 1. 1. 1. 1. 1. 0. 1. 1. 1. 1. 1. 1. 1. 1. 1. 1. 1.
  1. 1.]
 [1. 1. 1. 1. 1. 1. 1. 1. 1. 1. 1. 1. 1. 0. 1. 1. 1. 1. 1. 1. 1. 1. 1. 1.
  1. 1.]
 [1. 1. 1. 1. 1. 1. 1. 1. 1. 1. 1. 1. 1. 1. 0. 1. 1. 1. 1. 1. 1. 1. 1. 1.
  1. 1.]
 [1. 1. 1. 1. 1. 1. 1. 1. 1. 1. 1. 1. 1. 1. 1. 0. 1. 1. 1. 1. 1. 1. 1. 1.
  1. 1.]
 [1. 1. 1. 1. 1. 1. 1. 1. 1. 1. 1. 1. 1. 1. 1. 1. 0. 1. 1. 1. 1. 1. 1. 1.
  1. 1.]
 [1. 1. 1. 1. 1. 1. 1. 1. 1. 1. 1. 1. 1. 1. 1. 1. 1. 0. 1. 1. 1. 1. 1. 1.
  1. 1.]
 [1. 1. 1. 1. 1. 1. 1. 1. 1. 1. 1. 1. 1. 1. 1. 1. 1. 1. 0. 1. 1. 1. 1. 1.
  1. 1.]
 [1. 1. 1. 1. 1. 1. 1. 1. 1. 1. 1. 1. 1. 1. 1. 1. 1. 1. 1. 0. 1. 1. 1. 1.
  1. 1.]
 [1. 1. 1. 1. 1. 1. 1. 1. 1. 1. 1. 1. 1. 1. 1. 1. 1. 1. 1. 1. 0. 1. 1. 1.
  1. 1.]
 [1. 1. 1. 1. 1. 1. 1. 1. 1. 1. 1. 1. 1. 1. 1. 1. 1. 1. 1. 1. 1. 0. 1. 1.
  1. 1.]
 [1. 1. 1. 1. 1. 1. 1. 1. 1. 1. 1. 1. 1. 1. 1. 1. 1. 1. 1. 1. 1. 1. 0. 1.
  1. 1.]
 [1. 1. 1. 1. 1. 1. 1. 1. 1. 1. 1. 1. 1. 1. 1. 1. 1. 1. 1. 1. 1. 1. 1. 0.
  1. 1.]
 [1. 1. 1. 1. 1. 1. 1. 1. 1. 1. 1. 1. 1. 1. 1. 1. 1. 1. 1. 1. 1. 1. 1. 1.
  0. 1.]
 [1. 1. 1. 1. 1. 1. 1. 1. 1. 1. 1. 1. 1. 1. 1. 1. 1. 1. 1. 1. 1. 1. 1. 1.
  1. 0.]]
Solution:
 [[0.04]
 [0.04]
 [0.04]
 [0.04]
 [0.04]
 [0.04]
 [0.04]
 [0.04]
 [0.04]
 [0.04]
 [0.04]
 [0.04]
 [0.04]
 [0.04]
 [0.04]
 [0.04]
 [0.04]
 [0.04]
 [0.04]
 [0.04]
 [0.04]
 [0.04]
 [0.04]
 [0.04]
 [0.04]
 [0.04]]   0.04000000000000011
______________________________________________________________
Vectors amount:  27
Ham: 
 [[0. 1. 1. 1. 1. 1. 1. 1. 1. 1. 1. 1. 1. 1. 1. 1. 1. 1. 1. 1. 1. 1. 1. 1.
  1. 1. 1.]
 [1. 0. 1. 1. 1. 1. 1. 1. 1. 1. 1. 1. 1. 1. 1. 1. 1. 1. 1. 1. 1. 1. 1. 1.
  1. 1. 1.]
 [1. 1. 0. 1. 1. 1. 1. 1. 1. 1. 1. 1. 1. 1. 1. 1. 1. 1. 1. 1. 1. 1. 1. 1.
  1. 1. 1.]
 [1. 1. 1. 0. 1. 1. 1. 1. 1. 1. 1. 1. 1. 1. 1. 1. 1. 1. 1. 1. 1. 1. 1. 1.
  1. 1. 1.]
 [1. 1. 1. 1. 0. 1. 1. 1. 1. 1. 1. 1. 1. 1. 1. 1. 1. 1. 1. 1. 1. 1. 1. 1.
  1. 1. 1.]
 [1. 1. 1. 1. 1. 0. 1. 1. 1. 1. 1. 1. 1. 1. 1. 1. 1. 1. 1. 1. 1. 1. 1. 1.
  1. 1. 1.]
 [1. 1. 1. 1. 1. 1. 0. 1. 1. 1. 1. 1. 1. 1. 1. 1. 1. 1. 1. 1. 1. 1. 1. 1.
  1. 1. 1.]
 [1. 1. 1. 1. 1. 1. 1. 0. 1. 1. 1. 1. 1. 1. 1. 1. 1. 1. 1. 1. 1. 1. 1. 1.
  1. 1. 1.]
 [1. 1. 1. 1. 1. 1. 1. 1. 0. 1. 1. 1. 1. 1. 1. 1. 1. 1. 1. 1. 1. 1. 1. 1.
  1. 1. 1.]
 [1. 1. 1. 1. 1. 1. 1. 1. 1. 0. 1. 1. 1. 1. 1. 1. 1. 1. 1. 1. 1. 1. 1. 1.
  1. 1. 1.]
 [1. 1. 1. 1. 1. 1. 1. 1. 1. 1. 0. 1. 1. 1. 1. 1. 1. 1. 1. 1. 1. 1. 1. 1.
  1. 1. 1.]
 [1. 1. 1. 1. 1. 1. 1. 1. 1. 1. 1. 0. 1. 1. 1. 1. 1. 1. 1. 1. 1. 1. 1. 1.
  1. 1. 1.]
 [1. 1. 1. 1. 1. 1. 1. 1. 1. 1. 1. 1. 0. 1. 1. 1. 1. 1. 1. 1. 1. 1. 1. 1.
  1. 1. 1.]
 [1. 1. 1. 1. 1. 1. 1. 1. 1. 1. 1. 1. 1. 0. 1. 1. 1. 1. 1. 1. 1. 1. 1. 1.
  1. 1. 1.]
 [1. 1. 1. 1. 1. 1. 1. 1. 1. 1. 1. 1. 1. 1. 0. 1. 1. 1. 1. 1. 1. 1. 1. 1.
  1. 1. 1.]
 [1. 1. 1. 1. 1. 1. 1. 1. 1. 1. 1. 1. 1. 1. 1. 0. 1. 1. 1. 1. 1. 1. 1. 1.
  1. 1. 1.]
 [1. 1. 1. 1. 1. 1. 1. 1. 1. 1. 1. 1. 1. 1. 1. 1. 0. 1. 1. 1. 1. 1. 1. 1.
  1. 1. 1.]
 [1. 1. 1. 1. 1. 1. 1. 1. 1. 1. 1. 1. 1. 1. 1. 1. 1. 0. 1. 1. 1. 1. 1. 1.
  1. 1. 1.]
 [1. 1. 1. 1. 1. 1. 1. 1. 1. 1. 1. 1. 1. 1. 1. 1. 1. 1. 0. 1. 1. 1. 1. 1.
  1. 1. 1.]
 [1. 1. 1. 1. 1. 1. 1. 1. 1. 1. 1. 1. 1. 1. 1. 1. 1. 1. 1. 0. 1. 1. 1. 1.
  1. 1. 1.]
 [1. 1. 1. 1. 1. 1. 1. 1. 1. 1. 1. 1. 1. 1. 1. 1. 1. 1. 1. 1. 0. 1. 1. 1.
  1. 1. 1.]
 [1. 1. 1. 1. 1. 1. 1. 1. 1. 1. 1. 1. 1. 1. 1. 1. 1. 1. 1. 1. 1. 0. 1. 1.
  1. 1. 1.]
 [1. 1. 1. 1. 1. 1. 1. 1. 1. 1. 1. 1. 1. 1. 1. 1. 1. 1. 1. 1. 1. 1. 0. 1.
  1. 1. 1.]
 [1. 1. 1. 1. 1. 1. 1. 1. 1. 1. 1. 1. 1. 1. 1. 1. 1. 1. 1. 1. 1. 1. 1. 0.
  1. 1. 1.]
 [1. 1. 1. 1. 1. 1. 1. 1. 1. 1. 1. 1. 1. 1. 1. 1. 1. 1. 1. 1. 1. 1. 1. 1.
  0. 1. 1.]
 [1. 1. 1. 1. 1. 1. 1. 1. 1. 1. 1. 1. 1. 1. 1. 1. 1. 1. 1. 1. 1. 1. 1. 1.
  1. 0. 1.]
 [1. 1. 1. 1. 1. 1. 1. 1. 1. 1. 1. 1. 1. 1. 1. 1. 1. 1. 1. 1. 1. 1. 1. 1.
  1. 1. 0.]]
Solution:
 [[0.03846154]
 [0.03846154]
 [0.03846154]
 [0.03846154]
 [0.03846154]
 [0.03846154]
 [0.03846154]
 [0.03846154]
 [0.03846154]
 [0.03846154]
 [0.03846154]
 [0.03846154]
 [0.03846154]
 [0.03846154]
 [0.03846154]
 [0.03846154]
 [0.03846154]
 [0.03846154]
 [0.03846154]
 [0.03846154]
 [0.03846154]
 [0.03846154]
 [0.03846154]
 [0.03846154]
 [0.03846154]
 [0.03846154]
 [0.03846154]]   0.038461538461538575
______________________________________________________________
Vectors amount:  28
Ham: 
 [[0. 1. 1. 1. 1. 1. 1. 1. 1. 1. 1. 1. 1. 1. 1. 1. 1. 1. 1. 1. 1. 1. 1. 1.
  1. 1. 1. 1.]
 [1. 0. 1. 1. 1. 1. 1. 1. 1. 1. 1. 1. 1. 1. 1. 1. 1. 1. 1. 1. 1. 1. 1. 1.
  1. 1. 1. 1.]
 [1. 1. 0. 1. 1. 1. 1. 1. 1. 1. 1. 1. 1. 1. 1. 1. 1. 1. 1. 1. 1. 1. 1. 1.
  1. 1. 1. 1.]
 [1. 1. 1. 0. 1. 1. 1. 1. 1. 1. 1. 1. 1. 1. 1. 1. 1. 1. 1. 1. 1. 1. 1. 1.
  1. 1. 1. 1.]
 [1. 1. 1. 1. 0. 1. 1. 1. 1. 1. 1. 1. 1. 1. 1. 1. 1. 1. 1. 1. 1. 1. 1. 1.
  1. 1. 1. 1.]
 [1. 1. 1. 1. 1. 0. 1. 1. 1. 1. 1. 1. 1. 1. 1. 1. 1. 1. 1. 1. 1. 1. 1. 1.
  1. 1. 1. 1.]
 [1. 1. 1. 1. 1. 1. 0. 1. 1. 1. 1. 1. 1. 1. 1. 1. 1. 1. 1. 1. 1. 1. 1. 1.
  1. 1. 1. 1.]
 [1. 1. 1. 1. 1. 1. 1. 0. 1. 1. 1. 1. 1. 1. 1. 1. 1. 1. 1. 1. 1. 1. 1. 1.
  1. 1. 1. 1.]
 [1. 1. 1. 1. 1. 1. 1. 1. 0. 1. 1. 1. 1. 1. 1. 1. 1. 1. 1. 1. 1. 1. 1. 1.
  1. 1. 1. 1.]
 [1. 1. 1. 1. 1. 1. 1. 1. 1. 0. 1. 1. 1. 1. 1. 1. 1. 1. 1. 1. 1. 1. 1. 1.
  1. 1. 1. 1.]
 [1. 1. 1. 1. 1. 1. 1. 1. 1. 1. 0. 1. 1. 1. 1. 1. 1. 1. 1. 1. 1. 1. 1. 1.
  1. 1. 1. 1.]
 [1. 1. 1. 1. 1. 1. 1. 1. 1. 1. 1. 0. 1. 1. 1. 1. 1. 1. 1. 1. 1. 1. 1. 1.
  1. 1. 1. 1.]
 [1. 1. 1. 1. 1. 1. 1. 1. 1. 1. 1. 1. 0. 1. 1. 1. 1. 1. 1. 1. 1. 1. 1. 1.
  1. 1. 1. 1.]
 [1. 1. 1. 1. 1. 1. 1. 1. 1. 1. 1. 1. 1. 0. 1. 1. 1. 1. 1. 1. 1. 1. 1. 1.
  1. 1. 1. 1.]
 [1. 1. 1. 1. 1. 1. 1. 1. 1. 1. 1. 1. 1. 1. 0. 1. 1. 1. 1. 1. 1. 1. 1. 1.
  1. 1. 1. 1.]
 [1. 1. 1. 1. 1. 1. 1. 1. 1. 1. 1. 1. 1. 1. 1. 0. 1. 1. 1. 1. 1. 1. 1. 1.
  1. 1. 1. 1.]
 [1. 1. 1. 1. 1. 1. 1. 1. 1. 1. 1. 1. 1. 1. 1. 1. 0. 1. 1. 1. 1. 1. 1. 1.
  1. 1. 1. 1.]
 [1. 1. 1. 1. 1. 1. 1. 1. 1. 1. 1. 1. 1. 1. 1. 1. 1. 0. 1. 1. 1. 1. 1. 1.
  1. 1. 1. 1.]
 [1. 1. 1. 1. 1. 1. 1. 1. 1. 1. 1. 1. 1. 1. 1. 1. 1. 1. 0. 1. 1. 1. 1. 1.
  1. 1. 1. 1.]
 [1. 1. 1. 1. 1. 1. 1. 1. 1. 1. 1. 1. 1. 1. 1. 1. 1. 1. 1. 0. 1. 1. 1. 1.
  1. 1. 1. 1.]
 [1. 1. 1. 1. 1. 1. 1. 1. 1. 1. 1. 1. 1. 1. 1. 1. 1. 1. 1. 1. 0. 1. 1. 1.
  1. 1. 1. 1.]
 [1. 1. 1. 1. 1. 1. 1. 1. 1. 1. 1. 1. 1. 1. 1. 1. 1. 1. 1. 1. 1. 0. 1. 1.
  1. 1. 1. 1.]
 [1. 1. 1. 1. 1. 1. 1. 1. 1. 1. 1. 1. 1. 1. 1. 1. 1. 1. 1. 1. 1. 1. 0. 1.
  1. 1. 1. 1.]
 [1. 1. 1. 1. 1. 1. 1. 1. 1. 1. 1. 1. 1. 1. 1. 1. 1. 1. 1. 1. 1. 1. 1. 0.
  1. 1. 1. 1.]
 [1. 1. 1. 1. 1. 1. 1. 1. 1. 1. 1. 1. 1. 1. 1. 1. 1. 1. 1. 1. 1. 1. 1. 1.
  0. 1. 1. 1.]
 [1. 1. 1. 1. 1. 1. 1. 1. 1. 1. 1. 1. 1. 1. 1. 1. 1. 1. 1. 1. 1. 1. 1. 1.
  1. 0. 1. 1.]
 [1. 1. 1. 1. 1. 1. 1. 1. 1. 1. 1. 1. 1. 1. 1. 1. 1. 1. 1. 1. 1. 1. 1. 1.
  1. 1. 0. 1.]
 [1. 1. 1. 1. 1. 1. 1. 1. 1. 1. 1. 1. 1. 1. 1. 1. 1. 1. 1. 1. 1. 1. 1. 1.
  1. 1. 1. 0.]]
Solution:
 [[0.03703704]
 [0.03703704]
 [0.03703704]
 [0.03703704]
 [0.03703704]
 [0.03703704]
 [0.03703704]
 [0.03703704]
 [0.03703704]
 [0.03703704]
 [0.03703704]
 [0.03703704]
 [0.03703704]
 [0.03703704]
 [0.03703704]
 [0.03703704]
 [0.03703704]
 [0.03703704]
 [0.03703704]
 [0.03703704]
 [0.03703704]
 [0.03703704]
 [0.03703704]
 [0.03703704]
 [0.03703704]
 [0.03703704]
 [0.03703704]
 [0.03703704]]   0.03703703703703713
______________________________________________________________
Vectors amount:  29
Ham: 
 [[0. 1. 1. 1. 1. 1. 1. 1. 1. 1. 1. 1. 1. 1. 1. 1. 1. 1. 1. 1. 1. 1. 1. 1.
  1. 1. 1. 1. 1.]
 [1. 0. 1. 1. 1. 1. 1. 1. 1. 1. 1. 1. 1. 1. 1. 1. 1. 1. 1. 1. 1. 1. 1. 1.
  1. 1. 1. 1. 1.]
 [1. 1. 0. 1. 1. 1. 1. 1. 1. 1. 1. 1. 1. 1. 1. 1. 1. 1. 1. 1. 1. 1. 1. 1.
  1. 1. 1. 1. 1.]
 [1. 1. 1. 0. 1. 1. 1. 1. 1. 1. 1. 1. 1. 1. 1. 1. 1. 1. 1. 1. 1. 1. 1. 1.
  1. 1. 1. 1. 1.]
 [1. 1. 1. 1. 0. 1. 1. 1. 1. 1. 1. 1. 1. 1. 1. 1. 1. 1. 1. 1. 1. 1. 1. 1.
  1. 1. 1. 1. 1.]
 [1. 1. 1. 1. 1. 0. 1. 1. 1. 1. 1. 1. 1. 1. 1. 1. 1. 1. 1. 1. 1. 1. 1. 1.
  1. 1. 1. 1. 1.]
 [1. 1. 1. 1. 1. 1. 0. 1. 1. 1. 1. 1. 1. 1. 1. 1. 1. 1. 1. 1. 1. 1. 1. 1.
  1. 1. 1. 1. 1.]
 [1. 1. 1. 1. 1. 1. 1. 0. 1. 1. 1. 1. 1. 1. 1. 1. 1. 1. 1. 1. 1. 1. 1. 1.
  1. 1. 1. 1. 1.]
 [1. 1. 1. 1. 1. 1. 1. 1. 0. 1. 1. 1. 1. 1. 1. 1. 1. 1. 1. 1. 1. 1. 1. 1.
  1. 1. 1. 1. 1.]
 [1. 1. 1. 1. 1. 1. 1. 1. 1. 0. 1. 1. 1. 1. 1. 1. 1. 1. 1. 1. 1. 1. 1. 1.
  1. 1. 1. 1. 1.]
 [1. 1. 1. 1. 1. 1. 1. 1. 1. 1. 0. 1. 1. 1. 1. 1. 1. 1. 1. 1. 1. 1. 1. 1.
  1. 1. 1. 1. 1.]
 [1. 1. 1. 1. 1. 1. 1. 1. 1. 1. 1. 0. 1. 1. 1. 1. 1. 1. 1. 1. 1. 1. 1. 1.
  1. 1. 1. 1. 1.]
 [1. 1. 1. 1. 1. 1. 1. 1. 1. 1. 1. 1. 0. 1. 1. 1. 1. 1. 1. 1. 1. 1. 1. 1.
  1. 1. 1. 1. 1.]
 [1. 1. 1. 1. 1. 1. 1. 1. 1. 1. 1. 1. 1. 0. 1. 1. 1. 1. 1. 1. 1. 1. 1. 1.
  1. 1. 1. 1. 1.]
 [1. 1. 1. 1. 1. 1. 1. 1. 1. 1. 1. 1. 1. 1. 0. 1. 1. 1. 1. 1. 1. 1. 1. 1.
  1. 1. 1. 1. 1.]
 [1. 1. 1. 1. 1. 1. 1. 1. 1. 1. 1. 1. 1. 1. 1. 0. 1. 1. 1. 1. 1. 1. 1. 1.
  1. 1. 1. 1. 1.]
 [1. 1. 1. 1. 1. 1. 1. 1. 1. 1. 1. 1. 1. 1. 1. 1. 0. 1. 1. 1. 1. 1. 1. 1.
  1. 1. 1. 1. 1.]
 [1. 1. 1. 1. 1. 1. 1. 1. 1. 1. 1. 1. 1. 1. 1. 1. 1. 0. 1. 1. 1. 1. 1. 1.
  1. 1. 1. 1. 1.]
 [1. 1. 1. 1. 1. 1. 1. 1. 1. 1. 1. 1. 1. 1. 1. 1. 1. 1. 0. 1. 1. 1. 1. 1.
  1. 1. 1. 1. 1.]
 [1. 1. 1. 1. 1. 1. 1. 1. 1. 1. 1. 1. 1. 1. 1. 1. 1. 1. 1. 0. 1. 1. 1. 1.
  1. 1. 1. 1. 1.]
 [1. 1. 1. 1. 1. 1. 1. 1. 1. 1. 1. 1. 1. 1. 1. 1. 1. 1. 1. 1. 0. 1. 1. 1.
  1. 1. 1. 1. 1.]
 [1. 1. 1. 1. 1. 1. 1. 1. 1. 1. 1. 1. 1. 1. 1. 1. 1. 1. 1. 1. 1. 0. 1. 1.
  1. 1. 1. 1. 1.]
 [1. 1. 1. 1. 1. 1. 1. 1. 1. 1. 1. 1. 1. 1. 1. 1. 1. 1. 1. 1. 1. 1. 0. 1.
  1. 1. 1. 1. 1.]
 [1. 1. 1. 1. 1. 1. 1. 1. 1. 1. 1. 1. 1. 1. 1. 1. 1. 1. 1. 1. 1. 1. 1. 0.
  1. 1. 1. 1. 1.]
 [1. 1. 1. 1. 1. 1. 1. 1. 1. 1. 1. 1. 1. 1. 1. 1. 1. 1. 1. 1. 1. 1. 1. 1.
  0. 1. 1. 1. 1.]
 [1. 1. 1. 1. 1. 1. 1. 1. 1. 1. 1. 1. 1. 1. 1. 1. 1. 1. 1. 1. 1. 1. 1. 1.
  1. 0. 1. 1. 1.]
 [1. 1. 1. 1. 1. 1. 1. 1. 1. 1. 1. 1. 1. 1. 1. 1. 1. 1. 1. 1. 1. 1. 1. 1.
  1. 1. 0. 1. 1.]
 [1. 1. 1. 1. 1. 1. 1. 1. 1. 1. 1. 1. 1. 1. 1. 1. 1. 1. 1. 1. 1. 1. 1. 1.
  1. 1. 1. 0. 1.]
 [1. 1. 1. 1. 1. 1. 1. 1. 1. 1. 1. 1. 1. 1. 1. 1. 1. 1. 1. 1. 1. 1. 1. 1.
  1. 1. 1. 1. 0.]]
Solution:
 [[0.03571429]
 [0.03571429]
 [0.03571429]
 [0.03571429]
 [0.03571429]
 [0.03571429]
 [0.03571429]
 [0.03571429]
 [0.03571429]
 [0.03571429]
 [0.03571429]
 [0.03571429]
 [0.03571429]
 [0.03571429]
 [0.03571429]
 [0.03571429]
 [0.03571429]
 [0.03571429]
 [0.03571429]
 [0.03571429]
 [0.03571429]
 [0.03571429]
 [0.03571429]
 [0.03571429]
 [0.03571429]
 [0.03571429]
 [0.03571429]
 [0.03571429]
 [0.03571429]]   0.03571428571428582
______________________________________________________________
Vectors amount:  30
Ham: 
 [[0. 1. 1. 1. 1. 1. 1. 1. 1. 1. 1. 1. 1. 1. 1. 1. 1. 1. 1. 1. 1. 1. 1. 1.
  1. 1. 1. 1. 1. 1.]
 [1. 0. 1. 1. 1. 1. 1. 1. 1. 1. 1. 1. 1. 1. 1. 1. 1. 1. 1. 1. 1. 1. 1. 1.
  1. 1. 1. 1. 1. 1.]
 [1. 1. 0. 1. 1. 1. 1. 1. 1. 1. 1. 1. 1. 1. 1. 1. 1. 1. 1. 1. 1. 1. 1. 1.
  1. 1. 1. 1. 1. 1.]
 [1. 1. 1. 0. 1. 1. 1. 1. 1. 1. 1. 1. 1. 1. 1. 1. 1. 1. 1. 1. 1. 1. 1. 1.
  1. 1. 1. 1. 1. 1.]
 [1. 1. 1. 1. 0. 1. 1. 1. 1. 1. 1. 1. 1. 1. 1. 1. 1. 1. 1. 1. 1. 1. 1. 1.
  1. 1. 1. 1. 1. 1.]
 [1. 1. 1. 1. 1. 0. 1. 1. 1. 1. 1. 1. 1. 1. 1. 1. 1. 1. 1. 1. 1. 1. 1. 1.
  1. 1. 1. 1. 1. 1.]
 [1. 1. 1. 1. 1. 1. 0. 1. 1. 1. 1. 1. 1. 1. 1. 1. 1. 1. 1. 1. 1. 1. 1. 1.
  1. 1. 1. 1. 1. 1.]
 [1. 1. 1. 1. 1. 1. 1. 0. 1. 1. 1. 1. 1. 1. 1. 1. 1. 1. 1. 1. 1. 1. 1. 1.
  1. 1. 1. 1. 1. 1.]
 [1. 1. 1. 1. 1. 1. 1. 1. 0. 1. 1. 1. 1. 1. 1. 1. 1. 1. 1. 1. 1. 1. 1. 1.
  1. 1. 1. 1. 1. 1.]
 [1. 1. 1. 1. 1. 1. 1. 1. 1. 0. 1. 1. 1. 1. 1. 1. 1. 1. 1. 1. 1. 1. 1. 1.
  1. 1. 1. 1. 1. 1.]
 [1. 1. 1. 1. 1. 1. 1. 1. 1. 1. 0. 1. 1. 1. 1. 1. 1. 1. 1. 1. 1. 1. 1. 1.
  1. 1. 1. 1. 1. 1.]
 [1. 1. 1. 1. 1. 1. 1. 1. 1. 1. 1. 0. 1. 1. 1. 1. 1. 1. 1. 1. 1. 1. 1. 1.
  1. 1. 1. 1. 1. 1.]
 [1. 1. 1. 1. 1. 1. 1. 1. 1. 1. 1. 1. 0. 1. 1. 1. 1. 1. 1. 1. 1. 1. 1. 1.
  1. 1. 1. 1. 1. 1.]
 [1. 1. 1. 1. 1. 1. 1. 1. 1. 1. 1. 1. 1. 0. 1. 1. 1. 1. 1. 1. 1. 1. 1. 1.
  1. 1. 1. 1. 1. 1.]
 [1. 1. 1. 1. 1. 1. 1. 1. 1. 1. 1. 1. 1. 1. 0. 1. 1. 1. 1. 1. 1. 1. 1. 1.
  1. 1. 1. 1. 1. 1.]
 [1. 1. 1. 1. 1. 1. 1. 1. 1. 1. 1. 1. 1. 1. 1. 0. 1. 1. 1. 1. 1. 1. 1. 1.
  1. 1. 1. 1. 1. 1.]
 [1. 1. 1. 1. 1. 1. 1. 1. 1. 1. 1. 1. 1. 1. 1. 1. 0. 1. 1. 1. 1. 1. 1. 1.
  1. 1. 1. 1. 1. 1.]
 [1. 1. 1. 1. 1. 1. 1. 1. 1. 1. 1. 1. 1. 1. 1. 1. 1. 0. 1. 1. 1. 1. 1. 1.
  1. 1. 1. 1. 1. 1.]
 [1. 1. 1. 1. 1. 1. 1. 1. 1. 1. 1. 1. 1. 1. 1. 1. 1. 1. 0. 1. 1. 1. 1. 1.
  1. 1. 1. 1. 1. 1.]
 [1. 1. 1. 1. 1. 1. 1. 1. 1. 1. 1. 1. 1. 1. 1. 1. 1. 1. 1. 0. 1. 1. 1. 1.
  1. 1. 1. 1. 1. 1.]
 [1. 1. 1. 1. 1. 1. 1. 1. 1. 1. 1. 1. 1. 1. 1. 1. 1. 1. 1. 1. 0. 1. 1. 1.
  1. 1. 1. 1. 1. 1.]
 [1. 1. 1. 1. 1. 1. 1. 1. 1. 1. 1. 1. 1. 1. 1. 1. 1. 1. 1. 1. 1. 0. 1. 1.
  1. 1. 1. 1. 1. 1.]
 [1. 1. 1. 1. 1. 1. 1. 1. 1. 1. 1. 1. 1. 1. 1. 1. 1. 1. 1. 1. 1. 1. 0. 1.
  1. 1. 1. 1. 1. 1.]
 [1. 1. 1. 1. 1. 1. 1. 1. 1. 1. 1. 1. 1. 1. 1. 1. 1. 1. 1. 1. 1. 1. 1. 0.
  1. 1. 1. 1. 1. 1.]
 [1. 1. 1. 1. 1. 1. 1. 1. 1. 1. 1. 1. 1. 1. 1. 1. 1. 1. 1. 1. 1. 1. 1. 1.
  0. 1. 1. 1. 1. 1.]
 [1. 1. 1. 1. 1. 1. 1. 1. 1. 1. 1. 1. 1. 1. 1. 1. 1. 1. 1. 1. 1. 1. 1. 1.
  1. 0. 1. 1. 1. 1.]
 [1. 1. 1. 1. 1. 1. 1. 1. 1. 1. 1. 1. 1. 1. 1. 1. 1. 1. 1. 1. 1. 1. 1. 1.
  1. 1. 0. 1. 1. 1.]
 [1. 1. 1. 1. 1. 1. 1. 1. 1. 1. 1. 1. 1. 1. 1. 1. 1. 1. 1. 1. 1. 1. 1. 1.
  1. 1. 1. 0. 1. 1.]
 [1. 1. 1. 1. 1. 1. 1. 1. 1. 1. 1. 1. 1. 1. 1. 1. 1. 1. 1. 1. 1. 1. 1. 1.
  1. 1. 1. 1. 0. 1.]
 [1. 1. 1. 1. 1. 1. 1. 1. 1. 1. 1. 1. 1. 1. 1. 1. 1. 1. 1. 1. 1. 1. 1. 1.
  1. 1. 1. 1. 1. 0.]]
Solution:
 [[0.03448276]
 [0.03448276]
 [0.03448276]
 [0.03448276]
 [0.03448276]
 [0.03448276]
 [0.03448276]
 [0.03448276]
 [0.03448276]
 [0.03448276]
 [0.03448276]
 [0.03448276]
 [0.03448276]
 [0.03448276]
 [0.03448276]
 [0.03448276]
 [0.03448276]
 [0.03448276]
 [0.03448276]
 [0.03448276]
 [0.03448276]
 [0.03448276]
 [0.03448276]
 [0.03448276]
 [0.03448276]
 [0.03448276]
 [0.03448276]
 [0.03448276]
 [0.03448276]
 [0.03448276]]   0.03448275862068977
______________________________________________________________
Vectors amount:  31
Ham: 
 [[0. 1. 1. 1. 1. 1. 1. 1. 1. 1. 1. 1. 1. 1. 1. 1. 1. 1. 1. 1. 1. 1. 1. 1.
  1. 1. 1. 1. 1. 1. 1.]
 [1. 0. 1. 1. 1. 1. 1. 1. 1. 1. 1. 1. 1. 1. 1. 1. 1. 1. 1. 1. 1. 1. 1. 1.
  1. 1. 1. 1. 1. 1. 1.]
 [1. 1. 0. 1. 1. 1. 1. 1. 1. 1. 1. 1. 1. 1. 1. 1. 1. 1. 1. 1. 1. 1. 1. 1.
  1. 1. 1. 1. 1. 1. 1.]
 [1. 1. 1. 0. 1. 1. 1. 1. 1. 1. 1. 1. 1. 1. 1. 1. 1. 1. 1. 1. 1. 1. 1. 1.
  1. 1. 1. 1. 1. 1. 1.]
 [1. 1. 1. 1. 0. 1. 1. 1. 1. 1. 1. 1. 1. 1. 1. 1. 1. 1. 1. 1. 1. 1. 1. 1.
  1. 1. 1. 1. 1. 1. 1.]
 [1. 1. 1. 1. 1. 0. 1. 1. 1. 1. 1. 1. 1. 1. 1. 1. 1. 1. 1. 1. 1. 1. 1. 1.
  1. 1. 1. 1. 1. 1. 1.]
 [1. 1. 1. 1. 1. 1. 0. 1. 1. 1. 1. 1. 1. 1. 1. 1. 1. 1. 1. 1. 1. 1. 1. 1.
  1. 1. 1. 1. 1. 1. 1.]
 [1. 1. 1. 1. 1. 1. 1. 0. 1. 1. 1. 1. 1. 1. 1. 1. 1. 1. 1. 1. 1. 1. 1. 1.
  1. 1. 1. 1. 1. 1. 1.]
 [1. 1. 1. 1. 1. 1. 1. 1. 0. 1. 1. 1. 1. 1. 1. 1. 1. 1. 1. 1. 1. 1. 1. 1.
  1. 1. 1. 1. 1. 1. 1.]
 [1. 1. 1. 1. 1. 1. 1. 1. 1. 0. 1. 1. 1. 1. 1. 1. 1. 1. 1. 1. 1. 1. 1. 1.
  1. 1. 1. 1. 1. 1. 1.]
 [1. 1. 1. 1. 1. 1. 1. 1. 1. 1. 0. 1. 1. 1. 1. 1. 1. 1. 1. 1. 1. 1. 1. 1.
  1. 1. 1. 1. 1. 1. 1.]
 [1. 1. 1. 1. 1. 1. 1. 1. 1. 1. 1. 0. 1. 1. 1. 1. 1. 1. 1. 1. 1. 1. 1. 1.
  1. 1. 1. 1. 1. 1. 1.]
 [1. 1. 1. 1. 1. 1. 1. 1. 1. 1. 1. 1. 0. 1. 1. 1. 1. 1. 1. 1. 1. 1. 1. 1.
  1. 1. 1. 1. 1. 1. 1.]
 [1. 1. 1. 1. 1. 1. 1. 1. 1. 1. 1. 1. 1. 0. 1. 1. 1. 1. 1. 1. 1. 1. 1. 1.
  1. 1. 1. 1. 1. 1. 1.]
 [1. 1. 1. 1. 1. 1. 1. 1. 1. 1. 1. 1. 1. 1. 0. 1. 1. 1. 1. 1. 1. 1. 1. 1.
  1. 1. 1. 1. 1. 1. 1.]
 [1. 1. 1. 1. 1. 1. 1. 1. 1. 1. 1. 1. 1. 1. 1. 0. 1. 1. 1. 1. 1. 1. 1. 1.
  1. 1. 1. 1. 1. 1. 1.]
 [1. 1. 1. 1. 1. 1. 1. 1. 1. 1. 1. 1. 1. 1. 1. 1. 0. 1. 1. 1. 1. 1. 1. 1.
  1. 1. 1. 1. 1. 1. 1.]
 [1. 1. 1. 1. 1. 1. 1. 1. 1. 1. 1. 1. 1. 1. 1. 1. 1. 0. 1. 1. 1. 1. 1. 1.
  1. 1. 1. 1. 1. 1. 1.]
 [1. 1. 1. 1. 1. 1. 1. 1. 1. 1. 1. 1. 1. 1. 1. 1. 1. 1. 0. 1. 1. 1. 1. 1.
  1. 1. 1. 1. 1. 1. 1.]
 [1. 1. 1. 1. 1. 1. 1. 1. 1. 1. 1. 1. 1. 1. 1. 1. 1. 1. 1. 0. 1. 1. 1. 1.
  1. 1. 1. 1. 1. 1. 1.]
 [1. 1. 1. 1. 1. 1. 1. 1. 1. 1. 1. 1. 1. 1. 1. 1. 1. 1. 1. 1. 0. 1. 1. 1.
  1. 1. 1. 1. 1. 1. 1.]
 [1. 1. 1. 1. 1. 1. 1. 1. 1. 1. 1. 1. 1. 1. 1. 1. 1. 1. 1. 1. 1. 0. 1. 1.
  1. 1. 1. 1. 1. 1. 1.]
 [1. 1. 1. 1. 1. 1. 1. 1. 1. 1. 1. 1. 1. 1. 1. 1. 1. 1. 1. 1. 1. 1. 0. 1.
  1. 1. 1. 1. 1. 1. 1.]
 [1. 1. 1. 1. 1. 1. 1. 1. 1. 1. 1. 1. 1. 1. 1. 1. 1. 1. 1. 1. 1. 1. 1. 0.
  1. 1. 1. 1. 1. 1. 1.]
 [1. 1. 1. 1. 1. 1. 1. 1. 1. 1. 1. 1. 1. 1. 1. 1. 1. 1. 1. 1. 1. 1. 1. 1.
  0. 1. 1. 1. 1. 1. 1.]
 [1. 1. 1. 1. 1. 1. 1. 1. 1. 1. 1. 1. 1. 1. 1. 1. 1. 1. 1. 1. 1. 1. 1. 1.
  1. 0. 1. 1. 1. 1. 1.]
 [1. 1. 1. 1. 1. 1. 1. 1. 1. 1. 1. 1. 1. 1. 1. 1. 1. 1. 1. 1. 1. 1. 1. 1.
  1. 1. 0. 1. 1. 1. 1.]
 [1. 1. 1. 1. 1. 1. 1. 1. 1. 1. 1. 1. 1. 1. 1. 1. 1. 1. 1. 1. 1. 1. 1. 1.
  1. 1. 1. 0. 1. 1. 1.]
 [1. 1. 1. 1. 1. 1. 1. 1. 1. 1. 1. 1. 1. 1. 1. 1. 1. 1. 1. 1. 1. 1. 1. 1.
  1. 1. 1. 1. 0. 1. 1.]
 [1. 1. 1. 1. 1. 1. 1. 1. 1. 1. 1. 1. 1. 1. 1. 1. 1. 1. 1. 1. 1. 1. 1. 1.
  1. 1. 1. 1. 1. 0. 1.]
 [1. 1. 1. 1. 1. 1. 1. 1. 1. 1. 1. 1. 1. 1. 1. 1. 1. 1. 1. 1. 1. 1. 1. 1.
  1. 1. 1. 1. 1. 1. 0.]]
Solution:
 [[0.03333333]
 [0.03333333]
 [0.03333333]
 [0.03333333]
 [0.03333333]
 [0.03333333]
 [0.03333333]
 [0.03333333]
 [0.03333333]
 [0.03333333]
 [0.03333333]
 [0.03333333]
 [0.03333333]
 [0.03333333]
 [0.03333333]
 [0.03333333]
 [0.03333333]
 [0.03333333]
 [0.03333333]
 [0.03333333]
 [0.03333333]
 [0.03333333]
 [0.03333333]
 [0.03333333]
 [0.03333333]
 [0.03333333]
 [0.03333333]
 [0.03333333]
 [0.03333333]
 [0.03333333]
 [0.03333333]]   0.03333333333333344
______________________________________________________________
Vectors amount:  32
Ham: 
 [[0. 1. 1. ... 1. 1. 1.]
 [1. 0. 1. ... 1. 1. 1.]
 [1. 1. 0. ... 1. 1. 1.]
 ...
 [1. 1. 1. ... 0. 1. 1.]
 [1. 1. 1. ... 1. 0. 1.]
 [1. 1. 1. ... 1. 1. 0.]]
Solution:
 [[0.03225806]
 [0.03225806]
 [0.03225806]
 [0.03225806]
 [0.03225806]
 [0.03225806]
 [0.03225806]
 [0.03225806]
 [0.03225806]
 [0.03225806]
 [0.03225806]
 [0.03225806]
 [0.03225806]
 [0.03225806]
 [0.03225806]
 [0.03225806]
 [0.03225806]
 [0.03225806]
 [0.03225806]
 [0.03225806]
 [0.03225806]
 [0.03225806]
 [0.03225806]
 [0.03225806]
 [0.03225806]
 [0.03225806]
 [0.03225806]
 [0.03225806]
 [0.03225806]
 [0.03225806]
 [0.03225806]
 [0.03225806]]   0.032258064516129135
______________________________________________________________
Vectors amount:  33
Ham: 
 [[0. 1. 1. ... 1. 1. 1.]
 [1. 0. 1. ... 1. 1. 1.]
 [1. 1. 0. ... 1. 1. 1.]
 ...
 [1. 1. 1. ... 0. 1. 1.]
 [1. 1. 1. ... 1. 0. 1.]
 [1. 1. 1. ... 1. 1. 0.]]
Solution:
 [[0.03125]
 [0.03125]
 [0.03125]
 [0.03125]
 [0.03125]
 [0.03125]
 [0.03125]
 [0.03125]
 [0.03125]
 [0.03125]
 [0.03125]
 [0.03125]
 [0.03125]
 [0.03125]
 [0.03125]
 [0.03125]
 [0.03125]
 [0.03125]
 [0.03125]
 [0.03125]
 [0.03125]
 [0.03125]
 [0.03125]
 [0.03125]
 [0.03125]
 [0.03125]
 [0.03125]
 [0.03125]
 [0.03125]
 [0.03125]
 [0.03125]
 [0.03125]
 [0.03125]]   0.03125000000000012
______________________________________________________________
Vectors amount:  34
Ham: 
 [[0. 1. 1. ... 1. 1. 1.]
 [1. 0. 1. ... 1. 1. 1.]
 [1. 1. 0. ... 1. 1. 1.]
 ...
 [1. 1. 1. ... 0. 1. 1.]
 [1. 1. 1. ... 1. 0. 1.]
 [1. 1. 1. ... 1. 1. 0.]]
Solution:
 [[0.03030303]
 [0.03030303]
 [0.03030303]
 [0.03030303]
 [0.03030303]
 [0.03030303]
 [0.03030303]
 [0.03030303]
 [0.03030303]
 [0.03030303]
 [0.03030303]
 [0.03030303]
 [0.03030303]
 [0.03030303]
 [0.03030303]
 [0.03030303]
 [0.03030303]
 [0.03030303]
 [0.03030303]
 [0.03030303]
 [0.03030303]
 [0.03030303]
 [0.03030303]
 [0.03030303]
 [0.03030303]
 [0.03030303]
 [0.03030303]
 [0.03030303]
 [0.03030303]
 [0.03030303]
 [0.03030303]
 [0.03030303]
 [0.03030303]
 [0.03030303]]   0.030303030303030668
______________________________________________________________
Vectors amount:  35
Ham: 
 [[0. 1. 1. ... 1. 1. 1.]
 [1. 0. 1. ... 1. 1. 1.]
 [1. 1. 0. ... 1. 1. 1.]
 ...
 [1. 1. 1. ... 0. 1. 1.]
 [1. 1. 1. ... 1. 0. 1.]
 [1. 1. 1. ... 1. 1. 0.]]
Solution:
 [[0.02941176]
 [0.02941176]
 [0.02941176]
 [0.02941176]
 [0.02941176]
 [0.02941176]
 [0.02941176]
 [0.02941176]
 [0.02941176]
 [0.02941176]
 [0.02941176]
 [0.02941176]
 [0.02941176]
 [0.02941176]
 [0.02941176]
 [0.02941176]
 [0.02941176]
 [0.02941176]
 [0.02941176]
 [0.02941176]
 [0.02941176]
 [0.02941176]
 [0.02941176]
 [0.02941176]
 [0.02941176]
 [0.02941176]
 [0.02941176]
 [0.02941176]
 [0.02941176]
 [0.02941176]
 [0.02941176]
 [0.02941176]
 [0.02941176]
 [0.02941176]
 [0.02941176]]   0.029411764705882467
______________________________________________________________
Vectors amount:  36
Ham: 
 [[0. 1. 1. ... 1. 1. 1.]
 [1. 0. 1. ... 1. 1. 1.]
 [1. 1. 0. ... 1. 1. 1.]
 ...
 [1. 1. 1. ... 0. 1. 1.]
 [1. 1. 1. ... 1. 0. 1.]
 [1. 1. 1. ... 1. 1. 0.]]
Solution:
 [[0.02857143]
 [0.02857143]
 [0.02857143]
 [0.02857143]
 [0.02857143]
 [0.02857143]
 [0.02857143]
 [0.02857143]
 [0.02857143]
 [0.02857143]
 [0.02857143]
 [0.02857143]
 [0.02857143]
 [0.02857143]
 [0.02857143]
 [0.02857143]
 [0.02857143]
 [0.02857143]
 [0.02857143]
 [0.02857143]
 [0.02857143]
 [0.02857143]
 [0.02857143]
 [0.02857143]
 [0.02857143]
 [0.02857143]
 [0.02857143]
 [0.02857143]
 [0.02857143]
 [0.02857143]
 [0.02857143]
 [0.02857143]
 [0.02857143]
 [0.02857143]
 [0.02857143]
 [0.02857143]]   0.028571428571428664
______________________________________________________________
Vectors amount:  37
Ham: 
 [[0. 1. 1. ... 1. 1. 1.]
 [1. 0. 1. ... 1. 1. 1.]
 [1. 1. 0. ... 1. 1. 1.]
 ...
 [1. 1. 1. ... 0. 1. 1.]
 [1. 1. 1. ... 1. 0. 1.]
 [1. 1. 1. ... 1. 1. 0.]]
Solution:
 [[0.02777778]
 [0.02777778]
 [0.02777778]
 [0.02777778]
 [0.02777778]
 [0.02777778]
 [0.02777778]
 [0.02777778]
 [0.02777778]
 [0.02777778]
 [0.02777778]
 [0.02777778]
 [0.02777778]
 [0.02777778]
 [0.02777778]
 [0.02777778]
 [0.02777778]
 [0.02777778]
 [0.02777778]
 [0.02777778]
 [0.02777778]
 [0.02777778]
 [0.02777778]
 [0.02777778]
 [0.02777778]
 [0.02777778]
 [0.02777778]
 [0.02777778]
 [0.02777778]
 [0.02777778]
 [0.02777778]
 [0.02777778]
 [0.02777778]
 [0.02777778]
 [0.02777778]
 [0.02777778]
 [0.02777778]]   0.027777777777777866
______________________________________________________________
Vectors amount:  38
Ham: 
 [[0. 1. 1. ... 1. 1. 1.]
 [1. 0. 1. ... 1. 1. 1.]
 [1. 1. 0. ... 1. 1. 1.]
 ...
 [1. 1. 1. ... 0. 1. 1.]
 [1. 1. 1. ... 1. 0. 1.]
 [1. 1. 1. ... 1. 1. 0.]]
Solution:
 [[0.02702703]
 [0.02702703]
 [0.02702703]
 [0.02702703]
 [0.02702703]
 [0.02702703]
 [0.02702703]
 [0.02702703]
 [0.02702703]
 [0.02702703]
 [0.02702703]
 [0.02702703]
 [0.02702703]
 [0.02702703]
 [0.02702703]
 [0.02702703]
 [0.02702703]
 [0.02702703]
 [0.02702703]
 [0.02702703]
 [0.02702703]
 [0.02702703]
 [0.02702703]
 [0.02702703]
 [0.02702703]
 [0.02702703]
 [0.02702703]
 [0.02702703]
 [0.02702703]
 [0.02702703]
 [0.02702703]
 [0.02702703]
 [0.02702703]
 [0.02702703]
 [0.02702703]
 [0.02702703]
 [0.02702703]
 [0.02702703]]   0.027027027027027146
______________________________________________________________
Vectors amount:  39
Ham: 
 [[0. 1. 1. ... 1. 1. 1.]
 [1. 0. 1. ... 1. 1. 1.]
 [1. 1. 0. ... 1. 1. 1.]
 ...
 [1. 1. 1. ... 0. 1. 1.]
 [1. 1. 1. ... 1. 0. 1.]
 [1. 1. 1. ... 1. 1. 0.]]
Solution:
 [[0.02631579]
 [0.02631579]
 [0.02631579]
 [0.02631579]
 [0.02631579]
 [0.02631579]
 [0.02631579]
 [0.02631579]
 [0.02631579]
 [0.02631579]
 [0.02631579]
 [0.02631579]
 [0.02631579]
 [0.02631579]
 [0.02631579]
 [0.02631579]
 [0.02631579]
 [0.02631579]
 [0.02631579]
 [0.02631579]
 [0.02631579]
 [0.02631579]
 [0.02631579]
 [0.02631579]
 [0.02631579]
 [0.02631579]
 [0.02631579]
 [0.02631579]
 [0.02631579]
 [0.02631579]
 [0.02631579]
 [0.02631579]
 [0.02631579]
 [0.02631579]
 [0.02631579]
 [0.02631579]
 [0.02631579]
 [0.02631579]
 [0.02631579]]   0.026315789473684303
______________________________________________________________
Vectors amount:  40
Ham: 
 [[0. 1. 1. ... 1. 1. 1.]
 [1. 0. 1. ... 1. 1. 1.]
 [1. 1. 0. ... 1. 1. 1.]
 ...
 [1. 1. 1. ... 0. 1. 1.]
 [1. 1. 1. ... 1. 0. 1.]
 [1. 1. 1. ... 1. 1. 0.]]
Solution:
 [[0.02564103]
 [0.02564103]
 [0.02564103]
 [0.02564103]
 [0.02564103]
 [0.02564103]
 [0.02564103]
 [0.02564103]
 [0.02564103]
 [0.02564103]
 [0.02564103]
 [0.02564103]
 [0.02564103]
 [0.02564103]
 [0.02564103]
 [0.02564103]
 [0.02564103]
 [0.02564103]
 [0.02564103]
 [0.02564103]
 [0.02564103]
 [0.02564103]
 [0.02564103]
 [0.02564103]
 [0.02564103]
 [0.02564103]
 [0.02564103]
 [0.02564103]
 [0.02564103]
 [0.02564103]
 [0.02564103]
 [0.02564103]
 [0.02564103]
 [0.02564103]
 [0.02564103]
 [0.02564103]
 [0.02564103]
 [0.02564103]
 [0.02564103]
 [0.02564103]]   0.025641025641025758
______________________________________________________________
Vectors amount:  41
Ham: 
 [[0. 1. 1. ... 1. 1. 1.]
 [1. 0. 1. ... 1. 1. 1.]
 [1. 1. 0. ... 1. 1. 1.]
 ...
 [1. 1. 1. ... 0. 1. 1.]
 [1. 1. 1. ... 1. 0. 1.]
 [1. 1. 1. ... 1. 1. 0.]]
Solution:
 [[0.025]
 [0.025]
 [0.025]
 [0.025]
 [0.025]
 [0.025]
 [0.025]
 [0.025]
 [0.025]
 [0.025]
 [0.025]
 [0.025]
 [0.025]
 [0.025]
 [0.025]
 [0.025]
 [0.025]
 [0.025]
 [0.025]
 [0.025]
 [0.025]
 [0.025]
 [0.025]
 [0.025]
 [0.025]
 [0.025]
 [0.025]
 [0.025]
 [0.025]
 [0.025]
 [0.025]
 [0.025]
 [0.025]
 [0.025]
 [0.025]
 [0.025]
 [0.025]
 [0.025]
 [0.025]
 [0.025]
 [0.025]]   0.02500000000000009
______________________________________________________________
Vectors amount:  42
Ham: 
 [[0. 1. 1. ... 1. 1. 1.]
 [1. 0. 1. ... 1. 1. 1.]
 [1. 1. 0. ... 1. 1. 1.]
 ...
 [1. 1. 1. ... 0. 1. 1.]
 [1. 1. 1. ... 1. 0. 1.]
 [1. 1. 1. ... 1. 1. 0.]]
Solution:
 [[0.02439024]
 [0.02439024]
 [0.02439024]
 [0.02439024]
 [0.02439024]
 [0.02439024]
 [0.02439024]
 [0.02439024]
 [0.02439024]
 [0.02439024]
 [0.02439024]
 [0.02439024]
 [0.02439024]
 [0.02439024]
 [0.02439024]
 [0.02439024]
 [0.02439024]
 [0.02439024]
 [0.02439024]
 [0.02439024]
 [0.02439024]
 [0.02439024]
 [0.02439024]
 [0.02439024]
 [0.02439024]
 [0.02439024]
 [0.02439024]
 [0.02439024]
 [0.02439024]
 [0.02439024]
 [0.02439024]
 [0.02439024]
 [0.02439024]
 [0.02439024]
 [0.02439024]
 [0.02439024]
 [0.02439024]
 [0.02439024]
 [0.02439024]
 [0.02439024]
 [0.02439024]
 [0.02439024]]   0.024390243902439115
______________________________________________________________
Vectors amount:  43
Ham: 
 [[0. 1. 1. ... 1. 1. 1.]
 [1. 0. 1. ... 1. 1. 1.]
 [1. 1. 0. ... 1. 1. 1.]
 ...
 [1. 1. 1. ... 0. 1. 1.]
 [1. 1. 1. ... 1. 0. 1.]
 [1. 1. 1. ... 1. 1. 0.]]
Solution:
 [[0.02380952]
 [0.02380952]
 [0.02380952]
 [0.02380952]
 [0.02380952]
 [0.02380952]
 [0.02380952]
 [0.02380952]
 [0.02380952]
 [0.02380952]
 [0.02380952]
 [0.02380952]
 [0.02380952]
 [0.02380952]
 [0.02380952]
 [0.02380952]
 [0.02380952]
 [0.02380952]
 [0.02380952]
 [0.02380952]
 [0.02380952]
 [0.02380952]
 [0.02380952]
 [0.02380952]
 [0.02380952]
 [0.02380952]
 [0.02380952]
 [0.02380952]
 [0.02380952]
 [0.02380952]
 [0.02380952]
 [0.02380952]
 [0.02380952]
 [0.02380952]
 [0.02380952]
 [0.02380952]
 [0.02380952]
 [0.02380952]
 [0.02380952]
 [0.02380952]
 [0.02380952]
 [0.02380952]
 [0.02380952]]   0.023809523809523895
______________________________________________________________
Vectors amount:  44
Ham: 
 [[0. 1. 1. ... 1. 1. 1.]
 [1. 0. 1. ... 1. 1. 1.]
 [1. 1. 0. ... 1. 1. 1.]
 ...
 [1. 1. 1. ... 0. 1. 1.]
 [1. 1. 1. ... 1. 0. 1.]
 [1. 1. 1. ... 1. 1. 0.]]
Solution:
 [[0.02325581]
 [0.02325581]
 [0.02325581]
 [0.02325581]
 [0.02325581]
 [0.02325581]
 [0.02325581]
 [0.02325581]
 [0.02325581]
 [0.02325581]
 [0.02325581]
 [0.02325581]
 [0.02325581]
 [0.02325581]
 [0.02325581]
 [0.02325581]
 [0.02325581]
 [0.02325581]
 [0.02325581]
 [0.02325581]
 [0.02325581]
 [0.02325581]
 [0.02325581]
 [0.02325581]
 [0.02325581]
 [0.02325581]
 [0.02325581]
 [0.02325581]
 [0.02325581]
 [0.02325581]
 [0.02325581]
 [0.02325581]
 [0.02325581]
 [0.02325581]
 [0.02325581]
 [0.02325581]
 [0.02325581]
 [0.02325581]
 [0.02325581]
 [0.02325581]
 [0.02325581]
 [0.02325581]
 [0.02325581]
 [0.02325581]]   0.02325581395348851
______________________________________________________________
Vectors amount:  45
Ham: 
 [[0. 1. 1. ... 1. 1. 1.]
 [1. 0. 1. ... 1. 1. 1.]
 [1. 1. 0. ... 1. 1. 1.]
 ...
 [1. 1. 1. ... 0. 1. 1.]
 [1. 1. 1. ... 1. 0. 1.]
 [1. 1. 1. ... 1. 1. 0.]]
Solution:
 [[0.02272727]
 [0.02272727]
 [0.02272727]
 [0.02272727]
 [0.02272727]
 [0.02272727]
 [0.02272727]
 [0.02272727]
 [0.02272727]
 [0.02272727]
 [0.02272727]
 [0.02272727]
 [0.02272727]
 [0.02272727]
 [0.02272727]
 [0.02272727]
 [0.02272727]
 [0.02272727]
 [0.02272727]
 [0.02272727]
 [0.02272727]
 [0.02272727]
 [0.02272727]
 [0.02272727]
 [0.02272727]
 [0.02272727]
 [0.02272727]
 [0.02272727]
 [0.02272727]
 [0.02272727]
 [0.02272727]
 [0.02272727]
 [0.02272727]
 [0.02272727]
 [0.02272727]
 [0.02272727]
 [0.02272727]
 [0.02272727]
 [0.02272727]
 [0.02272727]
 [0.02272727]
 [0.02272727]
 [0.02272727]
 [0.02272727]
 [0.02272727]]   0.022727272727272835
______________________________________________________________
Vectors amount:  46
Ham: 
 [[0. 1. 1. ... 1. 1. 1.]
 [1. 0. 1. ... 1. 1. 1.]
 [1. 1. 0. ... 1. 1. 1.]
 ...
 [1. 1. 1. ... 0. 1. 1.]
 [1. 1. 1. ... 1. 0. 1.]
 [1. 1. 1. ... 1. 1. 0.]]
Solution:
 [[0.02222222]
 [0.02222222]
 [0.02222222]
 [0.02222222]
 [0.02222222]
 [0.02222222]
 [0.02222222]
 [0.02222222]
 [0.02222222]
 [0.02222222]
 [0.02222222]
 [0.02222222]
 [0.02222222]
 [0.02222222]
 [0.02222222]
 [0.02222222]
 [0.02222222]
 [0.02222222]
 [0.02222222]
 [0.02222222]
 [0.02222222]
 [0.02222222]
 [0.02222222]
 [0.02222222]
 [0.02222222]
 [0.02222222]
 [0.02222222]
 [0.02222222]
 [0.02222222]
 [0.02222222]
 [0.02222222]
 [0.02222222]
 [0.02222222]
 [0.02222222]
 [0.02222222]
 [0.02222222]
 [0.02222222]
 [0.02222222]
 [0.02222222]
 [0.02222222]
 [0.02222222]
 [0.02222222]
 [0.02222222]
 [0.02222222]
 [0.02222222]
 [0.02222222]]   0.022222222222222365
______________________________________________________________
Vectors amount:  47
Ham: 
 [[0. 1. 1. ... 1. 1. 1.]
 [1. 0. 1. ... 1. 1. 1.]
 [1. 1. 0. ... 1. 1. 1.]
 ...
 [1. 1. 1. ... 0. 1. 1.]
 [1. 1. 1. ... 1. 0. 1.]
 [1. 1. 1. ... 1. 1. 0.]]
Solution:
 [[0.02173913]
 [0.02173913]
 [0.02173913]
 [0.02173913]
 [0.02173913]
 [0.02173913]
 [0.02173913]
 [0.02173913]
 [0.02173913]
 [0.02173913]
 [0.02173913]
 [0.02173913]
 [0.02173913]
 [0.02173913]
 [0.02173913]
 [0.02173913]
 [0.02173913]
 [0.02173913]
 [0.02173913]
 [0.02173913]
 [0.02173913]
 [0.02173913]
 [0.02173913]
 [0.02173913]
 [0.02173913]
 [0.02173913]
 [0.02173913]
 [0.02173913]
 [0.02173913]
 [0.02173913]
 [0.02173913]
 [0.02173913]
 [0.02173913]
 [0.02173913]
 [0.02173913]
 [0.02173913]
 [0.02173913]
 [0.02173913]
 [0.02173913]
 [0.02173913]
 [0.02173913]
 [0.02173913]
 [0.02173913]
 [0.02173913]
 [0.02173913]
 [0.02173913]
 [0.02173913]]   0.02173913043478271
______________________________________________________________
Vectors amount:  48
Ham: 
 [[0. 1. 1. ... 1. 1. 1.]
 [1. 0. 1. ... 1. 1. 1.]
 [1. 1. 0. ... 1. 1. 1.]
 ...
 [1. 1. 1. ... 0. 1. 1.]
 [1. 1. 1. ... 1. 0. 1.]
 [1. 1. 1. ... 1. 1. 0.]]
Solution:
 [[0.0212766]
 [0.0212766]
 [0.0212766]
 [0.0212766]
 [0.0212766]
 [0.0212766]
 [0.0212766]
 [0.0212766]
 [0.0212766]
 [0.0212766]
 [0.0212766]
 [0.0212766]
 [0.0212766]
 [0.0212766]
 [0.0212766]
 [0.0212766]
 [0.0212766]
 [0.0212766]
 [0.0212766]
 [0.0212766]
 [0.0212766]
 [0.0212766]
 [0.0212766]
 [0.0212766]
 [0.0212766]
 [0.0212766]
 [0.0212766]
 [0.0212766]
 [0.0212766]
 [0.0212766]
 [0.0212766]
 [0.0212766]
 [0.0212766]
 [0.0212766]
 [0.0212766]
 [0.0212766]
 [0.0212766]
 [0.0212766]
 [0.0212766]
 [0.0212766]
 [0.0212766]
 [0.0212766]
 [0.0212766]
 [0.0212766]
 [0.0212766]
 [0.0212766]
 [0.0212766]
 [0.0212766]]   0.02127659574468096
______________________________________________________________
Vectors amount:  49
Ham: 
 [[0. 1. 1. ... 1. 1. 1.]
 [1. 0. 1. ... 1. 1. 1.]
 [1. 1. 0. ... 1. 1. 1.]
 ...
 [1. 1. 1. ... 0. 1. 1.]
 [1. 1. 1. ... 1. 0. 1.]
 [1. 1. 1. ... 1. 1. 0.]]
Solution:
 [[0.02083333]
 [0.02083333]
 [0.02083333]
 [0.02083333]
 [0.02083333]
 [0.02083333]
 [0.02083333]
 [0.02083333]
 [0.02083333]
 [0.02083333]
 [0.02083333]
 [0.02083333]
 [0.02083333]
 [0.02083333]
 [0.02083333]
 [0.02083333]
 [0.02083333]
 [0.02083333]
 [0.02083333]
 [0.02083333]
 [0.02083333]
 [0.02083333]
 [0.02083333]
 [0.02083333]
 [0.02083333]
 [0.02083333]
 [0.02083333]
 [0.02083333]
 [0.02083333]
 [0.02083333]
 [0.02083333]
 [0.02083333]
 [0.02083333]
 [0.02083333]
 [0.02083333]
 [0.02083333]
 [0.02083333]
 [0.02083333]
 [0.02083333]
 [0.02083333]
 [0.02083333]
 [0.02083333]
 [0.02083333]
 [0.02083333]
 [0.02083333]
 [0.02083333]
 [0.02083333]
 [0.02083333]
 [0.02083333]]   0.020833333333333492
______________________________________________________________
Vectors amount:  50
Ham: 
 [[0. 1. 1. ... 1. 1. 1.]
 [1. 0. 1. ... 1. 1. 1.]
 [1. 1. 0. ... 1. 1. 1.]
 ...
 [1. 1. 1. ... 0. 1. 1.]
 [1. 1. 1. ... 1. 0. 1.]
 [1. 1. 1. ... 1. 1. 0.]]
Solution:
 [[0.02040816]
 [0.02040816]
 [0.02040816]
 [0.02040816]
 [0.02040816]
 [0.02040816]
 [0.02040816]
 [0.02040816]
 [0.02040816]
 [0.02040816]
 [0.02040816]
 [0.02040816]
 [0.02040816]
 [0.02040816]
 [0.02040816]
 [0.02040816]
 [0.02040816]
 [0.02040816]
 [0.02040816]
 [0.02040816]
 [0.02040816]
 [0.02040816]
 [0.02040816]
 [0.02040816]
 [0.02040816]
 [0.02040816]
 [0.02040816]
 [0.02040816]
 [0.02040816]
 [0.02040816]
 [0.02040816]
 [0.02040816]
 [0.02040816]
 [0.02040816]
 [0.02040816]
 [0.02040816]
 [0.02040816]
 [0.02040816]
 [0.02040816]
 [0.02040816]
 [0.02040816]
 [0.02040816]
 [0.02040816]
 [0.02040816]
 [0.02040816]
 [0.02040816]
 [0.02040816]
 [0.02040816]
 [0.02040816]
 [0.02040816]]   0.02040816326530625
______________________________________________________________
