Vectors amount:  2
Anti-Ham: 
 [[2. 0.]
 [0. 2.]]
Solution:
 [[0.5]
 [0.5]]   0.5
______________________________________________________________
Vectors amount:  3
Anti-Ham: 
 [[2. 1. 0.]
 [1. 2. 0.]
 [0. 0. 2.]]
Solution:
 [[0.33333333]
 [0.33333333]
 [0.5       ]]   0.5
______________________________________________________________
Vectors amount:  4
Anti-Ham: 
 [[2. 0. 0. 0.]
 [0. 2. 0. 0.]
 [0. 0. 2. 0.]
 [0. 0. 0. 2.]]
Solution:
 [[0.5]
 [0.5]
 [0.5]
 [0.5]]   0.5
______________________________________________________________
Vectors amount:  5
Anti-Ham: 
 [[2. 0. 0. 0. 0.]
 [0. 2. 1. 0. 0.]
 [0. 1. 2. 0. 0.]
 [0. 0. 0. 2. 0.]
 [0. 0. 0. 0. 2.]]
Solution:
 [[0.5       ]
 [0.33333333]
 [0.33333333]
 [0.5       ]
 [0.5       ]]   0.5
______________________________________________________________
Vectors amount:  6
Anti-Ham: 
 [[2. 0. 0. 0. 0. 0.]
 [0. 2. 0. 1. 0. 0.]
 [0. 0. 2. 0. 0. 0.]
 [0. 1. 0. 2. 0. 1.]
 [0. 0. 0. 0. 2. 0.]
 [0. 0. 0. 1. 0. 2.]]
Solution:
 [[0.5]
 [0.5]
 [0.5]
 [0. ]
 [0.5]
 [0.5]]   0.5
______________________________________________________________
Vectors amount:  7
Anti-Ham: 
 [[2. 0. 0. 0. 0. 0. 0.]
 [0. 2. 0. 0. 0. 0. 0.]
 [0. 0. 2. 0. 1. 0. 0.]
 [0. 0. 0. 2. 0. 0. 0.]
 [0. 0. 1. 0. 2. 0. 0.]
 [0. 0. 0. 0. 0. 2. 0.]
 [0. 0. 0. 0. 0. 0. 2.]]
Solution:
 [[0.5       ]
 [0.5       ]
 [0.33333333]
 [0.5       ]
 [0.33333333]
 [0.5       ]
 [0.5       ]]   0.5
______________________________________________________________
Vectors amount:  8
Anti-Ham: 
 [[2. 1. 0. 0. 0. 0. 0. 0.]
 [1. 2. 0. 0. 0. 0. 0. 0.]
 [0. 0. 2. 0. 0. 0. 0. 0.]
 [0. 0. 0. 2. 0. 0. 0. 0.]
 [0. 0. 0. 0. 2. 0. 0. 0.]
 [0. 0. 0. 0. 0. 2. 1. 0.]
 [0. 0. 0. 0. 0. 1. 2. 0.]
 [0. 0. 0. 0. 0. 0. 0. 2.]]
Solution:
 [[0.33333333]
 [0.33333333]
 [0.5       ]
 [0.5       ]
 [0.5       ]
 [0.33333333]
 [0.33333333]
 [0.5       ]]   0.5
______________________________________________________________
Vectors amount:  9
Anti-Ham: 
 [[2. 1. 0. 0. 1. 0. 0. 0. 0.]
 [1. 2. 0. 0. 1. 0. 1. 0. 0.]
 [0. 0. 2. 0. 0. 0. 0. 1. 0.]
 [0. 0. 0. 2. 0. 0. 0. 0. 0.]
 [1. 1. 0. 0. 2. 0. 0. 0. 0.]
 [0. 0. 0. 0. 0. 2. 0. 0. 0.]
 [0. 1. 0. 0. 0. 0. 2. 0. 1.]
 [0. 0. 1. 0. 0. 0. 0. 2. 0.]
 [0. 0. 0. 0. 0. 0. 1. 0. 2.]]
Solution:
 [[ 3.33333333e-01]
 [-3.70074342e-17]
 [ 3.33333333e-01]
 [ 5.00000000e-01]
 [ 3.33333333e-01]
 [ 5.00000000e-01]
 [ 3.33333333e-01]
 [ 3.33333333e-01]
 [ 3.33333333e-01]]   0.5
______________________________________________________________
Vectors amount:  10
Anti-Ham: 
 [[2. 0. 0. 0. 0. 0. 0. 0. 0. 0.]
 [0. 2. 0. 0. 0. 0. 0. 0. 1. 0.]
 [0. 0. 2. 0. 0. 0. 0. 0. 0. 0.]
 [0. 0. 0. 2. 0. 0. 0. 0. 0. 0.]
 [0. 0. 0. 0. 2. 0. 0. 1. 0. 0.]
 [0. 0. 0. 0. 0. 2. 0. 0. 0. 0.]
 [0. 0. 0. 0. 0. 0. 2. 0. 0. 0.]
 [0. 0. 0. 0. 1. 0. 0. 2. 0. 0.]
 [0. 1. 0. 0. 0. 0. 0. 0. 2. 0.]
 [0. 0. 0. 0. 0. 0. 0. 0. 0. 2.]]
Solution:
 [[0.5       ]
 [0.33333333]
 [0.5       ]
 [0.5       ]
 [0.33333333]
 [0.5       ]
 [0.5       ]
 [0.33333333]
 [0.33333333]
 [0.5       ]]   0.5
______________________________________________________________
Vectors amount:  11
Anti-Ham: 
 [[2. 0. 0. 0. 0. 0. 0. 0. 0. 0. 0.]
 [0. 2. 0. 1. 0. 0. 0. 0. 0. 0. 0.]
 [0. 0. 2. 0. 0. 0. 0. 0. 1. 0. 0.]
 [0. 1. 0. 2. 0. 0. 0. 0. 0. 0. 0.]
 [0. 0. 0. 0. 2. 0. 0. 1. 0. 0. 0.]
 [0. 0. 0. 0. 0. 2. 0. 0. 0. 0. 0.]
 [0. 0. 0. 0. 0. 0. 2. 0. 0. 0. 0.]
 [0. 0. 0. 0. 1. 0. 0. 2. 0. 0. 0.]
 [0. 0. 1. 0. 0. 0. 0. 0. 2. 0. 1.]
 [0. 0. 0. 0. 0. 0. 0. 0. 0. 2. 0.]
 [0. 0. 0. 0. 0. 0. 0. 0. 1. 0. 2.]]
Solution:
 [[0.5       ]
 [0.33333333]
 [0.5       ]
 [0.33333333]
 [0.33333333]
 [0.5       ]
 [0.5       ]
 [0.33333333]
 [0.        ]
 [0.5       ]
 [0.5       ]]   0.5
______________________________________________________________
Vectors amount:  12
Anti-Ham: 
 [[2. 0. 1. 0. 0. 0. 1. 0. 0. 0. 1. 0.]
 [0. 2. 0. 0. 0. 0. 0. 0. 0. 0. 0. 0.]
 [1. 0. 2. 0. 0. 0. 1. 0. 0. 0. 1. 0.]
 [0. 0. 0. 2. 0. 0. 0. 0. 0. 0. 0. 0.]
 [0. 0. 0. 0. 2. 0. 0. 0. 0. 0. 0. 1.]
 [0. 0. 0. 0. 0. 2. 0. 0. 0. 0. 0. 0.]
 [1. 0. 1. 0. 0. 0. 2. 0. 0. 0. 1. 0.]
 [0. 0. 0. 0. 0. 0. 0. 2. 0. 1. 0. 0.]
 [0. 0. 0. 0. 0. 0. 0. 0. 2. 0. 1. 0.]
 [0. 0. 0. 0. 0. 0. 0. 1. 0. 2. 0. 0.]
 [1. 0. 1. 0. 0. 0. 1. 0. 1. 0. 2. 0.]
 [0. 0. 0. 0. 1. 0. 0. 0. 0. 0. 0. 2.]]
Solution:
 [[ 0.33333333]
 [ 0.5       ]
 [ 0.33333333]
 [ 0.5       ]
 [ 0.33333333]
 [ 0.5       ]
 [ 0.33333333]
 [ 0.33333333]
 [ 0.66666667]
 [ 0.33333333]
 [-0.33333333]
 [ 0.33333333]]   0.6666666666666666
______________________________________________________________
Vectors amount:  13
Anti-Ham: 
 [[2. 0. 0. 0. 0. 1. 0. 0. 0. 0. 0. 0. 0.]
 [0. 2. 0. 0. 0. 0. 1. 0. 0. 0. 0. 0. 0.]
 [0. 0. 2. 0. 0. 0. 1. 0. 0. 0. 0. 0. 0.]
 [0. 0. 0. 2. 0. 0. 0. 0. 0. 0. 0. 1. 1.]
 [0. 0. 0. 0. 2. 0. 0. 0. 0. 1. 0. 0. 0.]
 [1. 0. 0. 0. 0. 2. 0. 0. 0. 0. 0. 0. 0.]
 [0. 1. 1. 0. 0. 0. 2. 0. 0. 0. 0. 0. 0.]
 [0. 0. 0. 0. 0. 0. 0. 2. 0. 0. 1. 0. 0.]
 [0. 0. 0. 0. 0. 0. 0. 0. 2. 0. 0. 0. 0.]
 [0. 0. 0. 0. 1. 0. 0. 0. 0. 2. 0. 0. 0.]
 [0. 0. 0. 0. 0. 0. 0. 1. 0. 0. 2. 0. 0.]
 [0. 0. 0. 1. 0. 0. 0. 0. 0. 0. 0. 2. 1.]
 [0. 0. 0. 1. 0. 0. 0. 0. 0. 0. 0. 1. 2.]]
Solution:
 [[0.33333333]
 [0.5       ]
 [0.5       ]
 [0.25      ]
 [0.33333333]
 [0.33333333]
 [0.        ]
 [0.33333333]
 [0.5       ]
 [0.33333333]
 [0.33333333]
 [0.25      ]
 [0.25      ]]   0.5
______________________________________________________________
Vectors amount:  14
Anti-Ham: 
 [[2. 0. 0. 0. 0. 0. 0. 0. 0. 1. 1. 0. 0. 0.]
 [0. 2. 0. 0. 0. 1. 1. 0. 0. 1. 0. 0. 0. 0.]
 [0. 0. 2. 0. 0. 0. 0. 0. 0. 0. 0. 0. 0. 0.]
 [0. 0. 0. 2. 0. 0. 0. 0. 0. 0. 0. 0. 0. 0.]
 [0. 0. 0. 0. 2. 0. 0. 0. 0. 0. 0. 0. 1. 0.]
 [0. 1. 0. 0. 0. 2. 0. 0. 0. 0. 0. 0. 0. 0.]
 [0. 1. 0. 0. 0. 0. 2. 0. 0. 1. 0. 0. 0. 0.]
 [0. 0. 0. 0. 0. 0. 0. 2. 0. 0. 0. 0. 0. 0.]
 [0. 0. 0. 0. 0. 0. 0. 0. 2. 0. 0. 0. 0. 0.]
 [1. 1. 0. 0. 0. 0. 1. 0. 0. 2. 1. 0. 0. 0.]
 [1. 0. 0. 0. 0. 0. 0. 0. 0. 1. 2. 0. 0. 0.]
 [0. 0. 0. 0. 0. 0. 0. 0. 0. 0. 0. 2. 0. 0.]
 [0. 0. 0. 0. 1. 0. 0. 0. 0. 0. 0. 0. 2. 0.]
 [0. 0. 0. 0. 0. 0. 0. 0. 0. 0. 0. 0. 0. 2.]]
Solution:
 [[ 0.42857143]
 [ 0.14285714]
 [ 0.5       ]
 [ 0.5       ]
 [ 0.33333333]
 [ 0.42857143]
 [ 0.57142857]
 [ 0.5       ]
 [ 0.5       ]
 [-0.28571429]
 [ 0.42857143]
 [ 0.5       ]
 [ 0.33333333]
 [ 0.5       ]]   0.5714285714285714
______________________________________________________________
Vectors amount:  15
Anti-Ham: 
 [[2. 0. 0. 0. 0. 0. 0. 0. 0. 0. 1. 0. 0. 0. 0.]
 [0. 2. 0. 0. 0. 0. 0. 0. 0. 0. 0. 0. 0. 0. 0.]
 [0. 0. 2. 0. 0. 0. 0. 0. 1. 0. 0. 0. 0. 0. 0.]
 [0. 0. 0. 2. 0. 0. 0. 0. 0. 0. 0. 0. 0. 0. 1.]
 [0. 0. 0. 0. 2. 0. 0. 0. 0. 0. 0. 0. 0. 0. 0.]
 [0. 0. 0. 0. 0. 2. 0. 0. 0. 0. 0. 1. 0. 1. 0.]
 [0. 0. 0. 0. 0. 0. 2. 0. 0. 0. 0. 0. 0. 0. 0.]
 [0. 0. 0. 0. 0. 0. 0. 2. 1. 0. 0. 1. 0. 0. 0.]
 [0. 0. 1. 0. 0. 0. 0. 1. 2. 0. 0. 1. 0. 0. 0.]
 [0. 0. 0. 0. 0. 0. 0. 0. 0. 2. 0. 0. 0. 0. 0.]
 [1. 0. 0. 0. 0. 0. 0. 0. 0. 0. 2. 0. 0. 0. 0.]
 [0. 0. 0. 0. 0. 1. 0. 1. 1. 0. 0. 2. 0. 1. 0.]
 [0. 0. 0. 0. 0. 0. 0. 0. 0. 0. 0. 0. 2. 0. 0.]
 [0. 0. 0. 0. 0. 1. 0. 0. 0. 0. 0. 1. 0. 2. 0.]
 [0. 0. 0. 1. 0. 0. 0. 0. 0. 0. 0. 0. 0. 0. 2.]]
Solution:
 [[ 0.33333333]
 [ 0.5       ]
 [ 0.42857143]
 [ 0.33333333]
 [ 0.5       ]
 [ 0.42857143]
 [ 0.5       ]
 [ 0.57142857]
 [ 0.14285714]
 [ 0.5       ]
 [ 0.33333333]
 [-0.28571429]
 [ 0.5       ]
 [ 0.42857143]
 [ 0.33333333]]   0.5714285714285714
______________________________________________________________
Vectors amount:  16
Anti-Ham: 
 [[2. 0. 0. 0. 0. 1. 0. 0. 0. 0. 0. 0. 0. 0. 0. 0.]
 [0. 2. 0. 0. 1. 0. 0. 0. 0. 1. 0. 0. 0. 0. 0. 0.]
 [0. 0. 2. 0. 0. 0. 0. 0. 0. 0. 0. 0. 0. 0. 0. 0.]
 [0. 0. 0. 2. 0. 0. 0. 1. 0. 0. 0. 0. 0. 0. 0. 0.]
 [0. 1. 0. 0. 2. 0. 0. 0. 0. 1. 0. 0. 1. 0. 0. 0.]
 [1. 0. 0. 0. 0. 2. 0. 0. 0. 0. 0. 0. 0. 0. 0. 0.]
 [0. 0. 0. 0. 0. 0. 2. 0. 0. 0. 0. 0. 1. 0. 0. 0.]
 [0. 0. 0. 1. 0. 0. 0. 2. 0. 0. 0. 0. 0. 0. 0. 0.]
 [0. 0. 0. 0. 0. 0. 0. 0. 2. 0. 0. 0. 0. 1. 0. 0.]
 [0. 1. 0. 0. 1. 0. 0. 0. 0. 2. 0. 0. 0. 0. 0. 0.]
 [0. 0. 0. 0. 0. 0. 0. 0. 0. 0. 2. 0. 0. 1. 0. 0.]
 [0. 0. 0. 0. 0. 0. 0. 0. 0. 0. 0. 2. 0. 0. 0. 1.]
 [0. 0. 0. 0. 1. 0. 1. 0. 0. 0. 0. 0. 2. 0. 0. 0.]
 [0. 0. 0. 0. 0. 0. 0. 0. 1. 0. 1. 0. 0. 2. 0. 0.]
 [0. 0. 0. 0. 0. 0. 0. 0. 0. 0. 0. 0. 0. 0. 2. 0.]
 [0. 0. 0. 0. 0. 0. 0. 0. 0. 0. 0. 1. 0. 0. 0. 2.]]
Solution:
 [[ 3.33333333e-01]
 [ 3.33333333e-01]
 [ 5.00000000e-01]
 [ 3.33333333e-01]
 [-9.25185854e-17]
 [ 3.33333333e-01]
 [ 3.33333333e-01]
 [ 3.33333333e-01]
 [ 5.00000000e-01]
 [ 3.33333333e-01]
 [ 5.00000000e-01]
 [ 3.33333333e-01]
 [ 3.33333333e-01]
 [ 0.00000000e+00]
 [ 5.00000000e-01]
 [ 3.33333333e-01]]   0.5
______________________________________________________________
Vectors amount:  17
Anti-Ham: 
 [[2. 0. 0. 0. 0. 0. 0. 0. 0. 0. 0. 0. 1. 0. 0. 0. 0.]
 [0. 2. 0. 0. 0. 0. 0. 1. 0. 0. 0. 0. 0. 0. 0. 0. 0.]
 [0. 0. 2. 0. 0. 0. 0. 0. 0. 0. 0. 0. 0. 0. 0. 0. 0.]
 [0. 0. 0. 2. 0. 0. 0. 0. 0. 0. 0. 0. 0. 0. 0. 0. 1.]
 [0. 0. 0. 0. 2. 0. 0. 0. 0. 0. 0. 1. 0. 0. 1. 1. 0.]
 [0. 0. 0. 0. 0. 2. 0. 0. 0. 0. 0. 0. 0. 0. 0. 0. 0.]
 [0. 0. 0. 0. 0. 0. 2. 1. 0. 0. 0. 0. 0. 0. 0. 0. 0.]
 [0. 1. 0. 0. 0. 0. 1. 2. 0. 0. 0. 0. 0. 0. 0. 0. 0.]
 [0. 0. 0. 0. 0. 0. 0. 0. 2. 0. 0. 0. 0. 0. 0. 0. 0.]
 [0. 0. 0. 0. 0. 0. 0. 0. 0. 2. 0. 0. 0. 0. 0. 1. 0.]
 [0. 0. 0. 0. 0. 0. 0. 0. 0. 0. 2. 0. 0. 0. 0. 0. 0.]
 [0. 0. 0. 0. 1. 0. 0. 0. 0. 0. 0. 2. 0. 0. 0. 1. 1.]
 [1. 0. 0. 0. 0. 0. 0. 0. 0. 0. 0. 0. 2. 0. 0. 0. 0.]
 [0. 0. 0. 0. 0. 0. 0. 0. 0. 0. 0. 0. 0. 2. 0. 0. 0.]
 [0. 0. 0. 0. 1. 0. 0. 0. 0. 0. 0. 0. 0. 0. 2. 0. 0.]
 [0. 0. 0. 0. 1. 0. 0. 0. 0. 1. 0. 1. 0. 0. 0. 2. 0.]
 [0. 0. 0. 1. 0. 0. 0. 0. 0. 0. 0. 1. 0. 0. 0. 0. 2.]]
Solution:
 [[3.33333333e-01]
 [5.00000000e-01]
 [5.00000000e-01]
 [5.00000000e-01]
 [0.00000000e+00]
 [5.00000000e-01]
 [5.00000000e-01]
 [0.00000000e+00]
 [5.00000000e-01]
 [5.00000000e-01]
 [5.00000000e-01]
 [5.00000000e-01]
 [3.33333333e-01]
 [5.00000000e-01]
 [5.00000000e-01]
 [1.38777878e-17]
 [4.16333634e-17]]   0.5
______________________________________________________________
Vectors amount:  18
Anti-Ham: 
 [[2. 0. 0. 0. 0. 0. 0. 0. 0. 0. 0. 0. 0. 1. 0. 0. 0. 0.]
 [0. 2. 0. 0. 0. 0. 0. 0. 0. 0. 1. 0. 0. 0. 0. 0. 0. 0.]
 [0. 0. 2. 0. 0. 0. 1. 0. 0. 0. 0. 0. 0. 0. 0. 0. 0. 0.]
 [0. 0. 0. 2. 0. 0. 0. 0. 0. 1. 0. 0. 0. 0. 0. 0. 0. 0.]
 [0. 0. 0. 0. 2. 0. 0. 0. 0. 0. 0. 0. 0. 0. 0. 0. 0. 0.]
 [0. 0. 0. 0. 0. 2. 0. 0. 0. 0. 0. 0. 0. 0. 0. 0. 1. 0.]
 [0. 0. 1. 0. 0. 0. 2. 0. 0. 0. 0. 0. 0. 0. 0. 0. 0. 0.]
 [0. 0. 0. 0. 0. 0. 0. 2. 0. 1. 0. 1. 0. 0. 0. 0. 0. 0.]
 [0. 0. 0. 0. 0. 0. 0. 0. 2. 0. 0. 0. 1. 0. 0. 0. 1. 0.]
 [0. 0. 0. 1. 0. 0. 0. 1. 0. 2. 0. 0. 0. 0. 0. 0. 0. 0.]
 [0. 1. 0. 0. 0. 0. 0. 0. 0. 0. 2. 0. 0. 0. 0. 0. 0. 0.]
 [0. 0. 0. 0. 0. 0. 0. 1. 0. 0. 0. 2. 1. 1. 0. 0. 0. 0.]
 [0. 0. 0. 0. 0. 0. 0. 0. 1. 0. 0. 1. 2. 1. 0. 0. 0. 0.]
 [1. 0. 0. 0. 0. 0. 0. 0. 0. 0. 0. 1. 1. 2. 0. 0. 0. 0.]
 [0. 0. 0. 0. 0. 0. 0. 0. 0. 0. 0. 0. 0. 0. 2. 1. 0. 0.]
 [0. 0. 0. 0. 0. 0. 0. 0. 0. 0. 0. 0. 0. 0. 1. 2. 0. 1.]
 [0. 0. 0. 0. 0. 1. 0. 0. 1. 0. 0. 0. 0. 0. 0. 0. 2. 0.]
 [0. 0. 0. 0. 0. 0. 0. 0. 0. 0. 0. 0. 0. 0. 0. 1. 0. 2.]]
Solution:
 [[0.45454545]
 [0.33333333]
 [0.33333333]
 [0.45454545]
 [0.5       ]
 [0.45454545]
 [0.33333333]
 [0.36363636]
 [0.36363636]
 [0.09090909]
 [0.33333333]
 [0.18181818]
 [0.18181818]
 [0.09090909]
 [0.5       ]
 [0.        ]
 [0.09090909]
 [0.5       ]]   0.5
______________________________________________________________
Vectors amount:  19
Anti-Ham: 
 [[2. 0. 0. 0. 0. 0. 0. 1. 0. 0. 0. 0. 0. 0. 0. 0. 0. 0. 0.]
 [0. 2. 0. 0. 0. 0. 0. 0. 0. 1. 0. 0. 0. 0. 0. 0. 0. 0. 0.]
 [0. 0. 2. 0. 0. 0. 1. 1. 0. 0. 1. 1. 0. 0. 0. 1. 0. 0. 0.]
 [0. 0. 0. 2. 0. 0. 0. 0. 1. 0. 0. 0. 0. 0. 0. 1. 0. 0. 0.]
 [0. 0. 0. 0. 2. 0. 0. 0. 0. 0. 0. 0. 0. 0. 0. 0. 0. 0. 0.]
 [0. 0. 0. 0. 0. 2. 0. 0. 0. 0. 0. 1. 0. 0. 0. 0. 0. 0. 0.]
 [0. 0. 1. 0. 0. 0. 2. 0. 0. 0. 0. 0. 0. 0. 0. 1. 0. 0. 0.]
 [1. 0. 1. 0. 0. 0. 0. 2. 0. 0. 1. 1. 0. 0. 0. 0. 0. 0. 0.]
 [0. 0. 0. 1. 0. 0. 0. 0. 2. 0. 0. 0. 0. 0. 0. 0. 0. 0. 0.]
 [0. 1. 0. 0. 0. 0. 0. 0. 0. 2. 0. 0. 0. 0. 0. 0. 0. 0. 0.]
 [0. 0. 1. 0. 0. 0. 0. 1. 0. 0. 2. 1. 0. 0. 0. 0. 0. 0. 0.]
 [0. 0. 1. 0. 0. 1. 0. 1. 0. 0. 1. 2. 0. 0. 0. 0. 0. 0. 0.]
 [0. 0. 0. 0. 0. 0. 0. 0. 0. 0. 0. 0. 2. 0. 1. 0. 0. 0. 0.]
 [0. 0. 0. 0. 0. 0. 0. 0. 0. 0. 0. 0. 0. 2. 0. 0. 0. 1. 0.]
 [0. 0. 0. 0. 0. 0. 0. 0. 0. 0. 0. 0. 1. 0. 2. 0. 0. 1. 0.]
 [0. 0. 1. 1. 0. 0. 1. 0. 0. 0. 0. 0. 0. 0. 0. 2. 0. 0. 0.]
 [0. 0. 0. 0. 0. 0. 0. 0. 0. 0. 0. 0. 0. 0. 0. 0. 2. 0. 0.]
 [0. 0. 0. 0. 0. 0. 0. 0. 0. 0. 0. 0. 0. 1. 1. 0. 0. 2. 0.]
 [0. 0. 0. 0. 0. 0. 0. 0. 0. 0. 0. 0. 0. 0. 0. 0. 0. 0. 2.]]
Solution:
 [[ 0.45454545]
 [ 0.33333333]
 [-0.27272727]
 [ 0.09090909]
 [ 0.5       ]
 [ 0.45454545]
 [ 0.45454545]
 [ 0.09090909]
 [ 0.45454545]
 [ 0.33333333]
 [ 0.54545455]
 [ 0.09090909]
 [ 0.4       ]
 [ 0.4       ]
 [ 0.2       ]
 [ 0.36363636]
 [ 0.5       ]
 [ 0.2       ]
 [ 0.5       ]]   0.5454545454545455
______________________________________________________________
Vectors amount:  20
Anti-Ham: 
 [[2. 0. 0. 0. 0. 0. 0. 1. 0. 0. 0. 0. 0. 0. 0. 0. 0. 0. 0. 0.]
 [0. 2. 0. 1. 0. 0. 0. 0. 0. 0. 0. 0. 0. 0. 0. 1. 0. 0. 0. 0.]
 [0. 0. 2. 0. 0. 0. 0. 0. 0. 0. 0. 0. 0. 0. 0. 0. 0. 1. 0. 0.]
 [0. 1. 0. 2. 0. 0. 0. 0. 1. 0. 0. 0. 0. 0. 0. 1. 0. 0. 0. 0.]
 [0. 0. 0. 0. 2. 0. 0. 0. 0. 0. 0. 1. 0. 0. 0. 0. 0. 0. 1. 0.]
 [0. 0. 0. 0. 0. 2. 1. 0. 0. 0. 1. 0. 0. 0. 0. 0. 0. 0. 1. 1.]
 [0. 0. 0. 0. 0. 1. 2. 0. 0. 0. 1. 0. 0. 0. 0. 0. 1. 0. 0. 0.]
 [1. 0. 0. 0. 0. 0. 0. 2. 0. 0. 0. 1. 0. 0. 0. 0. 0. 0. 0. 0.]
 [0. 0. 0. 1. 0. 0. 0. 0. 2. 0. 0. 0. 0. 0. 0. 0. 0. 0. 0. 0.]
 [0. 0. 0. 0. 0. 0. 0. 0. 0. 2. 0. 0. 0. 0. 1. 0. 0. 0. 0. 0.]
 [0. 0. 0. 0. 0. 1. 1. 0. 0. 0. 2. 0. 1. 1. 0. 0. 0. 0. 0. 0.]
 [0. 0. 0. 0. 1. 0. 0. 1. 0. 0. 0. 2. 0. 0. 0. 0. 0. 0. 1. 0.]
 [0. 0. 0. 0. 0. 0. 0. 0. 0. 0. 1. 0. 2. 1. 0. 0. 0. 0. 0. 0.]
 [0. 0. 0. 0. 0. 0. 0. 0. 0. 0. 1. 0. 1. 2. 0. 0. 0. 0. 0. 0.]
 [0. 0. 0. 0. 0. 0. 0. 0. 0. 1. 0. 0. 0. 0. 2. 0. 0. 0. 0. 0.]
 [0. 1. 0. 1. 0. 0. 0. 0. 0. 0. 0. 0. 0. 0. 0. 2. 0. 0. 0. 0.]
 [0. 0. 0. 0. 0. 0. 1. 0. 0. 0. 0. 0. 0. 0. 0. 0. 2. 0. 0. 0.]
 [0. 0. 1. 0. 0. 0. 0. 0. 0. 0. 0. 0. 0. 0. 0. 0. 0. 2. 0. 1.]
 [0. 0. 0. 0. 1. 1. 0. 0. 0. 0. 0. 1. 0. 0. 0. 0. 0. 0. 2. 1.]
 [0. 0. 0. 0. 0. 1. 0. 0. 0. 0. 0. 0. 0. 0. 0. 0. 0. 1. 1. 2.]]
Solution:
 [[ 0.53333333]
 [ 0.4       ]
 [ 0.46666667]
 [-0.2       ]
 [ 0.53333333]
 [ 0.8       ]
 [ 0.06666667]
 [-0.06666667]
 [ 0.6       ]
 [ 0.33333333]
 [-0.4       ]
 [ 0.6       ]
 [ 0.46666667]
 [ 0.46666667]
 [ 0.33333333]
 [ 0.4       ]
 [ 0.46666667]
 [ 0.06666667]
 [-0.66666667]
 [ 0.4       ]]   0.8
______________________________________________________________
Vectors amount:  21
Anti-Ham: 
 [[2. 0. 0. 0. 0. 0. 0. 1. 0. 0. 0. 0. 0. 1. 0. 1. 0. 0. 0. 0. 0.]
 [0. 2. 0. 0. 0. 0. 0. 0. 0. 0. 0. 0. 0. 0. 0. 0. 0. 0. 0. 0. 1.]
 [0. 0. 2. 0. 0. 0. 0. 1. 0. 0. 0. 0. 0. 0. 0. 0. 1. 0. 0. 0. 1.]
 [0. 0. 0. 2. 0. 0. 0. 0. 0. 0. 0. 0. 0. 0. 0. 0. 0. 0. 0. 0. 0.]
 [0. 0. 0. 0. 2. 0. 0. 0. 0. 0. 0. 0. 0. 0. 0. 0. 0. 0. 0. 0. 0.]
 [0. 0. 0. 0. 0. 2. 0. 0. 0. 0. 0. 0. 0. 0. 0. 0. 0. 0. 0. 0. 0.]
 [0. 0. 0. 0. 0. 0. 2. 0. 0. 0. 1. 1. 1. 0. 0. 0. 0. 0. 0. 0. 0.]
 [1. 0. 1. 0. 0. 0. 0. 2. 0. 0. 0. 0. 0. 1. 0. 1. 0. 0. 0. 0. 0.]
 [0. 0. 0. 0. 0. 0. 0. 0. 2. 0. 0. 0. 0. 1. 0. 0. 0. 0. 0. 0. 0.]
 [0. 0. 0. 0. 0. 0. 0. 0. 0. 2. 0. 0. 0. 0. 0. 0. 0. 0. 1. 0. 0.]
 [0. 0. 0. 0. 0. 0. 1. 0. 0. 0. 2. 0. 0. 0. 0. 0. 0. 0. 0. 0. 0.]
 [0. 0. 0. 0. 0. 0. 1. 0. 0. 0. 0. 2. 1. 0. 0. 0. 0. 0. 0. 0. 0.]
 [0. 0. 0. 0. 0. 0. 1. 0. 0. 0. 0. 1. 2. 0. 0. 0. 0. 0. 0. 0. 0.]
 [1. 0. 0. 0. 0. 0. 0. 1. 1. 0. 0. 0. 0. 2. 0. 1. 0. 0. 0. 0. 0.]
 [0. 0. 0. 0. 0. 0. 0. 0. 0. 0. 0. 0. 0. 0. 2. 0. 0. 0. 0. 0. 0.]
 [1. 0. 0. 0. 0. 0. 0. 1. 0. 0. 0. 0. 0. 1. 0. 2. 0. 0. 1. 0. 0.]
 [0. 0. 1. 0. 0. 0. 0. 0. 0. 0. 0. 0. 0. 0. 0. 0. 2. 1. 0. 0. 1.]
 [0. 0. 0. 0. 0. 0. 0. 0. 0. 0. 0. 0. 0. 0. 0. 0. 1. 2. 0. 1. 0.]
 [0. 0. 0. 0. 0. 0. 0. 0. 0. 1. 0. 0. 0. 0. 0. 1. 0. 0. 2. 0. 0.]
 [0. 0. 0. 0. 0. 0. 0. 0. 0. 0. 0. 0. 0. 0. 0. 0. 0. 1. 0. 2. 0.]
 [0. 1. 1. 0. 0. 0. 0. 0. 0. 0. 0. 0. 0. 0. 0. 0. 1. 0. 0. 0. 2.]]
Solution:
 [[ 4.28571429e-01]
 [ 5.71428571e-01]
 [ 4.28571429e-01]
 [ 5.00000000e-01]
 [ 5.00000000e-01]
 [ 5.00000000e-01]
 [-2.00000000e-01]
 [-1.66533454e-16]
 [ 5.71428571e-01]
 [ 4.28571429e-01]
 [ 6.00000000e-01]
 [ 4.00000000e-01]
 [ 4.00000000e-01]
 [-1.42857143e-01]
 [ 5.00000000e-01]
 [ 2.85714286e-01]
 [ 2.85714286e-01]
 [ 1.42857143e-01]
 [ 1.42857143e-01]
 [ 4.28571429e-01]
 [-1.42857143e-01]]   0.6
______________________________________________________________
