Vectors amount:  2
Ham: 
 [[0. 4.]
 [4. 0.]]
Solution:
 [[0.25]
 [0.25]]   0.25
______________________________________________________________
Vectors amount:  3
Ham: 
 [[0. 5. 5.]
 [5. 0. 5.]
 [5. 5. 0.]]
Solution:
 [[0.1]
 [0.1]
 [0.1]]   0.1
______________________________________________________________
Vectors amount:  4
Ham: 
 [[0. 5. 5. 4.]
 [5. 0. 5. 5.]
 [5. 5. 0. 5.]
 [4. 5. 5. 0.]]
Solution:
 [[0.0625]
 [0.075 ]
 [0.075 ]
 [0.0625]]   0.075
______________________________________________________________
Vectors amount:  5
Ham: 
 [[0. 5. 5. 5. 5.]
 [5. 0. 5. 5. 5.]
 [5. 5. 0. 3. 5.]
 [5. 5. 3. 0. 5.]
 [5. 5. 5. 5. 0.]]
Solution:
 [[0.05833333]
 [0.05833333]
 [0.04166667]
 [0.04166667]
 [0.05833333]]   0.05833333333333335
______________________________________________________________
Vectors amount:  6
Ham: 
 [[0. 5. 5. 5. 5. 5.]
 [5. 0. 4. 5. 5. 4.]
 [5. 4. 0. 5. 5. 4.]
 [5. 5. 5. 0. 5. 5.]
 [5. 5. 5. 5. 0. 5.]
 [5. 4. 4. 5. 5. 0.]]
Solution:
 [[0.04827586]
 [0.03448276]
 [0.03448276]
 [0.04827586]
 [0.04827586]
 [0.03448276]]   0.048275862068965524
______________________________________________________________
Vectors amount:  7
Ham: 
 [[0. 5. 5. 5. 5. 5. 5.]
 [5. 0. 4. 5. 5. 4. 5.]
 [5. 4. 0. 5. 5. 4. 5.]
 [5. 5. 5. 0. 5. 5. 5.]
 [5. 5. 5. 5. 0. 5. 5.]
 [5. 4. 4. 5. 5. 0. 5.]
 [5. 5. 5. 5. 5. 5. 0.]]
Solution:
 [[0.03888889]
 [0.02777778]
 [0.02777778]
 [0.03888889]
 [0.03888889]
 [0.02777778]
 [0.03888889]]   0.0388888888888889
______________________________________________________________
Vectors amount:  8
Ham: 
 [[0. 5. 5. 5. 5. 4. 5. 5.]
 [5. 0. 3. 4. 5. 5. 5. 4.]
 [5. 3. 0. 4. 5. 5. 5. 4.]
 [5. 4. 4. 0. 5. 5. 5. 5.]
 [5. 5. 5. 5. 0. 5. 5. 5.]
 [4. 5. 5. 5. 5. 0. 4. 5.]
 [5. 5. 5. 5. 5. 4. 0. 5.]
 [5. 4. 4. 5. 5. 5. 5. 0.]]
Solution:
 [[0.03497884]
 [0.01946403]
 [0.01946403]
 [0.03244006]
 [0.04022567]
 [0.02623413]
 [0.03497884]
 [0.03244006]]   0.04022566995768687
______________________________________________________________
Vectors amount:  9
Ham: 
 [[0. 5. 5. 4. 5. 5. 5. 5. 3.]
 [5. 0. 5. 5. 5. 5. 5. 5. 5.]
 [5. 5. 0. 5. 5. 5. 5. 4. 4.]
 [4. 5. 5. 0. 4. 4. 5. 5. 5.]
 [5. 5. 5. 4. 0. 5. 5. 5. 5.]
 [5. 5. 5. 4. 5. 0. 5. 4. 5.]
 [5. 5. 5. 5. 5. 5. 0. 5. 4.]
 [5. 5. 4. 5. 5. 4. 5. 0. 5.]
 [3. 5. 4. 5. 5. 5. 4. 5. 0.]]
Solution:
 [[0.02652009]
 [0.03513644]
 [0.0277992 ]
 [0.01820406]
 [0.03149563]
 [0.02664615]
 [0.03264867]
 [0.02424737]
 [0.01243883]]   0.03513643778733501
______________________________________________________________
Vectors amount:  10
Ham: 
 [[0. 5. 5. 5. 5. 4. 5. 5. 5. 5.]
 [5. 0. 5. 5. 4. 5. 5. 5. 5. 5.]
 [5. 5. 0. 5. 5. 5. 4. 4. 4. 3.]
 [5. 5. 5. 0. 5. 5. 4. 3. 4. 5.]
 [5. 4. 5. 5. 0. 4. 5. 5. 5. 4.]
 [4. 5. 5. 5. 4. 0. 5. 5. 4. 5.]
 [5. 5. 4. 4. 5. 5. 0. 3. 4. 4.]
 [5. 5. 4. 3. 5. 5. 3. 0. 4. 4.]
 [5. 5. 4. 4. 5. 4. 4. 4. 0. 5.]
 [5. 5. 3. 5. 4. 5. 4. 4. 5. 0.]]
Solution:
 [[0.03564898]
 [0.03572402]
 [0.02270519]
 [0.02945899]
 [0.02426133]
 [0.02463654]
 [0.01847913]
 [0.00865947]
 [0.01978842]
 [0.02121422]]   0.03572401862625448
______________________________________________________________
Vectors amount:  11
Ham: 
 [[0. 4. 5. 5. 5. 4. 5. 5. 4. 5. 4.]
 [4. 0. 5. 5. 4. 4. 5. 5. 5. 4. 5.]
 [5. 5. 0. 4. 5. 4. 5. 5. 4. 5. 4.]
 [5. 5. 4. 0. 5. 4. 5. 4. 5. 5. 3.]
 [5. 4. 5. 5. 0. 5. 5. 5. 5. 5. 5.]
 [4. 4. 4. 4. 5. 0. 4. 5. 5. 5. 4.]
 [5. 5. 5. 5. 5. 4. 0. 5. 5. 5. 5.]
 [5. 5. 5. 4. 5. 5. 5. 0. 5. 4. 5.]
 [4. 5. 4. 5. 5. 5. 5. 5. 0. 5. 4.]
 [5. 4. 5. 5. 5. 5. 5. 4. 5. 0. 4.]
 [4. 5. 4. 3. 5. 4. 5. 5. 4. 4. 0.]]
Solution:
 [[0.02296194]
 [0.01631449]
 [0.02210051]
 [0.02062166]
 [0.03083742]
 [0.01029316]
 [0.03204168]
 [0.02500866]
 [0.02408873]
 [0.02483659]
 [0.00499546]]   0.0320416810247679
______________________________________________________________
Vectors amount:  12
Ham: 
 [[0. 5. 4. 4. 5. 4. 5. 3. 5. 5. 4. 5.]
 [5. 0. 5. 5. 5. 4. 5. 5. 5. 5. 4. 4.]
 [4. 5. 0. 4. 5. 4. 5. 4. 5. 5. 5. 5.]
 [4. 5. 4. 0. 5. 5. 5. 5. 4. 5. 5. 5.]
 [5. 5. 5. 5. 0. 5. 4. 4. 5. 4. 5. 4.]
 [4. 4. 4. 5. 5. 0. 5. 5. 5. 5. 5. 5.]
 [5. 5. 5. 5. 4. 5. 0. 3. 4. 4. 4. 5.]
 [3. 5. 4. 5. 4. 5. 3. 0. 4. 5. 5. 5.]
 [5. 5. 5. 4. 5. 5. 4. 4. 0. 5. 5. 5.]
 [5. 5. 5. 5. 4. 5. 4. 5. 5. 0. 5. 5.]
 [4. 4. 5. 5. 5. 5. 4. 5. 5. 5. 0. 3.]
 [5. 4. 5. 5. 4. 5. 5. 5. 5. 5. 3. 0.]]
Solution:
 [[0.01317892]
 [0.02247738]
 [0.02031615]
 [0.02259194]
 [0.02041568]
 [0.02314577]
 [0.01167273]
 [0.01120393]
 [0.02524654]
 [0.02792258]
 [0.01734499]
 [0.01882365]]   0.02792257764724867
______________________________________________________________
Vectors amount:  13
Ham: 
 [[0. 4. 3. 4. 5. 5. 4. 5. 4. 5. 5. 4. 5.]
 [4. 0. 4. 4. 4. 5. 5. 5. 5. 5. 5. 5. 5.]
 [3. 4. 0. 3. 5. 5. 5. 5. 5. 4. 5. 5. 4.]
 [4. 4. 3. 0. 5. 5. 5. 5. 5. 5. 5. 4. 5.]
 [5. 4. 5. 5. 0. 5. 5. 4. 5. 5. 4. 3. 5.]
 [5. 5. 5. 5. 5. 0. 5. 5. 5. 4. 4. 5. 5.]
 [4. 5. 5. 5. 5. 5. 0. 4. 3. 5. 5. 5. 5.]
 [5. 5. 5. 5. 4. 5. 4. 0. 5. 5. 5. 4. 5.]
 [4. 5. 5. 5. 5. 5. 3. 5. 0. 5. 5. 5. 4.]
 [5. 5. 4. 5. 5. 4. 5. 5. 5. 0. 5. 5. 5.]
 [5. 5. 5. 5. 4. 4. 5. 5. 5. 5. 0. 5. 3.]
 [4. 5. 5. 4. 3. 5. 5. 4. 5. 5. 5. 0. 5.]
 [5. 5. 4. 5. 5. 5. 5. 5. 4. 5. 3. 5. 0.]]
Solution:
 [[0.01061311]
 [0.02183015]
 [0.00602757]
 [0.01966981]
 [0.0132923 ]
 [0.02331546]
 [0.01777706]
 [0.02235562]
 [0.01844974]
 [0.0258821 ]
 [0.01629411]
 [0.01590608]
 [0.0203376 ]]   0.025882099001299202
______________________________________________________________
Vectors amount:  14
Ham: 
 [[0. 4. 5. 5. 5. 5. 4. 4. 4. 5. 4. 4. 4. 4.]
 [4. 0. 5. 5. 5. 5. 4. 4. 5. 5. 4. 4. 5. 5.]
 [5. 5. 0. 5. 4. 4. 5. 4. 5. 5. 3. 5. 5. 5.]
 [5. 5. 5. 0. 4. 5. 5. 5. 5. 4. 5. 5. 5. 5.]
 [5. 5. 4. 4. 0. 4. 5. 5. 5. 5. 4. 5. 5. 5.]
 [5. 5. 4. 5. 4. 0. 5. 5. 5. 5. 4. 5. 5. 5.]
 [4. 4. 5. 5. 5. 5. 0. 5. 5. 5. 5. 5. 3. 5.]
 [4. 4. 4. 5. 5. 5. 5. 0. 5. 5. 4. 5. 5. 4.]
 [4. 5. 5. 5. 5. 5. 5. 5. 0. 5. 5. 4. 5. 5.]
 [5. 5. 5. 4. 5. 5. 5. 5. 5. 0. 4. 5. 5. 5.]
 [4. 4. 3. 5. 4. 4. 5. 4. 5. 4. 0. 3. 5. 5.]
 [4. 4. 5. 5. 5. 5. 5. 5. 4. 5. 3. 0. 5. 5.]
 [4. 5. 5. 5. 5. 5. 3. 5. 5. 5. 5. 5. 0. 5.]
 [4. 5. 5. 5. 5. 5. 5. 4. 5. 5. 5. 5. 5. 0.]]
Solution:
 [[ 0.00129236]
 [ 0.01748907]
 [ 0.01949385]
 [ 0.01808629]
 [ 0.01654778]
 [ 0.02106935]
 [ 0.01445698]
 [ 0.01605076]
 [ 0.02164087]
 [ 0.02466042]
 [-0.00974875]
 [ 0.02214297]
 [ 0.02028667]
 [ 0.02285931]]   0.024660422446932187
______________________________________________________________
Vectors amount:  15
Ham: 
 [[0. 5. 5. 5. 5. 5. 5. 4. 4. 5. 5. 5. 4. 5. 5.]
 [5. 0. 5. 5. 5. 4. 4. 5. 5. 5. 4. 3. 5. 5. 5.]
 [5. 5. 0. 5. 5. 5. 5. 5. 5. 4. 4. 5. 5. 4. 4.]
 [5. 5. 5. 0. 5. 4. 3. 4. 5. 5. 5. 5. 5. 5. 5.]
 [5. 5. 5. 5. 0. 5. 5. 5. 5. 5. 5. 5. 4. 5. 5.]
 [5. 4. 5. 4. 5. 0. 5. 4. 5. 5. 4. 3. 4. 5. 5.]
 [5. 4. 5. 3. 5. 5. 0. 5. 5. 5. 5. 5. 5. 5. 4.]
 [4. 5. 5. 4. 5. 4. 5. 0. 4. 5. 5. 5. 5. 5. 5.]
 [4. 5. 5. 5. 5. 5. 5. 4. 0. 5. 5. 4. 5. 5. 5.]
 [5. 5. 4. 5. 5. 5. 5. 5. 5. 0. 4. 5. 5. 5. 5.]
 [5. 4. 4. 5. 5. 4. 5. 5. 5. 4. 0. 4. 5. 3. 4.]
 [5. 3. 5. 5. 5. 3. 5. 5. 4. 5. 4. 0. 5. 5. 5.]
 [4. 5. 5. 5. 4. 4. 5. 5. 5. 5. 5. 5. 0. 5. 4.]
 [5. 5. 4. 5. 5. 5. 5. 5. 5. 5. 3. 5. 5. 0. 5.]
 [5. 5. 4. 5. 5. 5. 4. 5. 5. 5. 4. 5. 4. 5. 0.]]
Solution:
 [[ 0.0170412 ]
 [ 0.01695576]
 [ 0.01280456]
 [ 0.01611735]
 [ 0.02315   ]
 [ 0.00956137]
 [ 0.01191684]
 [ 0.01357263]
 [ 0.01697136]
 [ 0.02352401]
 [-0.00287018]
 [ 0.0120838 ]
 [ 0.01180442]
 [ 0.02409804]
 [ 0.01877976]]   0.02409804317562252
______________________________________________________________
Vectors amount:  16
Ham: 
 [[0. 5. 5. 5. 4. 5. 4. 5. 5. 5. 5. 5. 4. 4. 5. 5.]
 [5. 0. 5. 5. 5. 5. 5. 5. 5. 4. 5. 5. 5. 5. 4. 5.]
 [5. 5. 0. 4. 5. 5. 5. 5. 5. 4. 5. 5. 4. 4. 4. 5.]
 [5. 5. 4. 0. 4. 5. 4. 4. 5. 5. 5. 5. 4. 4. 4. 5.]
 [4. 5. 5. 4. 0. 5. 5. 5. 5. 5. 5. 4. 4. 4. 5. 5.]
 [5. 5. 5. 5. 5. 0. 5. 5. 5. 5. 5. 5. 5. 5. 4. 5.]
 [4. 5. 5. 4. 5. 5. 0. 5. 5. 5. 5. 4. 5. 4. 5. 4.]
 [5. 5. 5. 4. 5. 5. 5. 0. 5. 5. 5. 4. 5. 5. 5. 5.]
 [5. 5. 5. 5. 5. 5. 5. 5. 0. 5. 4. 5. 5. 5. 4. 4.]
 [5. 4. 4. 5. 5. 5. 5. 5. 5. 0. 4. 5. 3. 5. 5. 5.]
 [5. 5. 5. 5. 5. 5. 5. 5. 4. 4. 0. 5. 4. 5. 3. 5.]
 [5. 5. 5. 5. 4. 5. 4. 4. 5. 5. 5. 0. 5. 5. 5. 4.]
 [4. 5. 4. 4. 4. 5. 5. 5. 5. 3. 4. 5. 0. 5. 5. 5.]
 [4. 5. 4. 4. 4. 5. 4. 5. 5. 5. 5. 5. 5. 0. 5. 5.]
 [5. 4. 4. 4. 5. 4. 5. 5. 4. 5. 3. 5. 5. 5. 0. 5.]
 [5. 5. 5. 5. 5. 5. 4. 5. 4. 5. 5. 4. 5. 5. 5. 0.]]
Solution:
 [[ 0.01605057]
 [ 0.02242438]
 [ 0.01745843]
 [ 0.00872923]
 [ 0.01376569]
 [ 0.02455462]
 [ 0.01160643]
 [ 0.02019591]
 [ 0.01773353]
 [ 0.0106512 ]
 [ 0.0180317 ]
 [ 0.01201674]
 [ 0.0052775 ]
 [ 0.01082303]
 [-0.00104762]
 [ 0.01607376]]   0.024554623655362116
______________________________________________________________
Vectors amount:  17
Ham: 
 [[0. 5. 5. 5. 4. 5. 4. 5. 5. 4. 5. 5. 4. 5. 5. 4. 5.]
 [5. 0. 4. 4. 5. 4. 5. 4. 5. 5. 5. 5. 5. 4. 5. 5. 5.]
 [5. 4. 0. 5. 5. 4. 5. 4. 5. 5. 5. 5. 5. 5. 4. 5. 5.]
 [5. 4. 5. 0. 3. 5. 5. 5. 5. 5. 5. 4. 5. 5. 4. 5. 5.]
 [4. 5. 5. 3. 0. 5. 4. 5. 5. 5. 3. 4. 5. 5. 4. 5. 5.]
 [5. 4. 4. 5. 5. 0. 5. 3. 5. 5. 5. 5. 5. 5. 5. 5. 5.]
 [4. 5. 5. 5. 4. 5. 0. 5. 5. 5. 4. 5. 5. 5. 5. 5. 5.]
 [5. 4. 4. 5. 5. 3. 5. 0. 5. 5. 4. 4. 5. 5. 5. 5. 5.]
 [5. 5. 5. 5. 5. 5. 5. 5. 0. 5. 5. 5. 5. 5. 5. 5. 5.]
 [4. 5. 5. 5. 5. 5. 5. 5. 5. 0. 4. 5. 5. 4. 4. 5. 5.]
 [5. 5. 5. 5. 3. 5. 4. 4. 5. 4. 0. 5. 5. 5. 5. 5. 5.]
 [5. 5. 5. 4. 4. 5. 5. 4. 5. 5. 5. 0. 5. 5. 5. 5. 5.]
 [4. 5. 5. 5. 5. 5. 5. 5. 5. 5. 5. 5. 0. 5. 4. 4. 5.]
 [5. 4. 5. 5. 5. 5. 5. 5. 5. 4. 5. 5. 5. 0. 5. 5. 4.]
 [5. 5. 4. 4. 4. 5. 5. 5. 5. 4. 5. 5. 4. 5. 0. 5. 5.]
 [4. 5. 5. 5. 5. 5. 5. 5. 5. 5. 5. 5. 4. 5. 5. 0. 4.]
 [5. 5. 5. 5. 5. 5. 5. 5. 5. 5. 5. 5. 5. 4. 5. 4. 0.]]
Solution:
 [[ 0.01108311]
 [ 0.00930403]
 [ 0.01381722]
 [ 0.01492152]
 [-0.00218814]
 [ 0.01566026]
 [ 0.01684659]
 [ 0.00402852]
 [ 0.02189592]
 [ 0.01122244]
 [ 0.01635166]
 [ 0.01854353]
 [ 0.01470317]
 [ 0.01453191]
 [ 0.01140067]
 [ 0.01347995]
 [ 0.01629354]]   0.021895915604260432
______________________________________________________________
Vectors amount:  18
Ham: 
 [[0. 5. 5. 5. 5. 5. 5. 5. 4. 4. 5. 4. 4. 5. 5. 5. 3. 4.]
 [5. 0. 5. 4. 4. 2. 5. 5. 5. 4. 5. 3. 5. 3. 5. 4. 5. 5.]
 [5. 5. 0. 5. 5. 4. 5. 5. 4. 5. 5. 5. 5. 5. 5. 5. 5. 3.]
 [5. 4. 5. 0. 5. 4. 3. 5. 4. 5. 5. 4. 5. 4. 5. 3. 5. 5.]
 [5. 4. 5. 5. 0. 5. 5. 5. 5. 5. 5. 4. 5. 3. 5. 5. 5. 5.]
 [5. 2. 4. 4. 5. 0. 4. 4. 5. 4. 5. 4. 5. 4. 4. 4. 5. 5.]
 [5. 5. 5. 3. 5. 4. 0. 4. 4. 5. 5. 5. 5. 5. 4. 4. 5. 4.]
 [5. 5. 5. 5. 5. 4. 4. 0. 4. 5. 5. 4. 5. 5. 3. 5. 5. 5.]
 [4. 5. 4. 4. 5. 5. 4. 4. 0. 5. 5. 5. 5. 5. 5. 4. 5. 3.]
 [4. 4. 5. 5. 5. 4. 5. 5. 5. 0. 4. 5. 5. 5. 5. 4. 4. 5.]
 [5. 5. 5. 5. 5. 5. 5. 5. 5. 4. 0. 5. 5. 5. 5. 5. 5. 5.]
 [4. 3. 5. 4. 4. 4. 5. 4. 5. 5. 5. 0. 4. 3. 5. 5. 5. 5.]
 [4. 5. 5. 5. 5. 5. 5. 5. 5. 5. 5. 4. 0. 5. 5. 5. 4. 4.]
 [5. 3. 5. 4. 3. 4. 5. 5. 5. 5. 5. 3. 5. 0. 4. 5. 3. 5.]
 [5. 5. 5. 5. 5. 4. 4. 3. 5. 5. 5. 5. 5. 4. 0. 4. 4. 5.]
 [5. 4. 5. 3. 5. 4. 4. 5. 4. 4. 5. 5. 5. 5. 4. 0. 5. 5.]
 [3. 5. 5. 5. 5. 5. 5. 5. 5. 4. 5. 5. 4. 3. 4. 5. 0. 5.]
 [4. 5. 3. 5. 5. 5. 4. 5. 3. 5. 5. 5. 4. 5. 5. 5. 5. 0.]]
Solution:
 [[ 0.01195891]
 [ 0.0160532 ]
 [ 0.02431476]
 [ 0.0140421 ]
 [ 0.02331887]
 [-0.00414144]
 [ 0.01146832]
 [ 0.01801704]
 [ 0.00684148]
 [ 0.01289066]
 [ 0.02472254]
 [ 0.00428896]
 [ 0.02018983]
 [-0.00021658]
 [ 0.01398042]
 [ 0.0102653 ]
 [ 0.01319155]
 [ 0.00611476]]   0.024722537050888577
______________________________________________________________
Vectors amount:  19
Ham: 
 [[0. 4. 5. 4. 5. 5. 5. 4. 4. 5. 3. 5. 5. 5. 5. 5. 4. 5. 4.]
 [4. 0. 5. 5. 5. 4. 3. 4. 5. 5. 3. 4. 3. 5. 5. 5. 5. 5. 5.]
 [5. 5. 0. 5. 5. 5. 5. 5. 4. 5. 5. 4. 5. 5. 5. 4. 5. 5. 5.]
 [4. 5. 5. 0. 5. 5. 5. 4. 5. 4. 4. 5. 5. 5. 4. 5. 5. 5. 4.]
 [5. 5. 5. 5. 0. 5. 4. 5. 5. 4. 5. 5. 5. 5. 5. 4. 5. 4. 4.]
 [5. 4. 5. 5. 5. 0. 4. 4. 5. 5. 5. 5. 4. 5. 5. 5. 5. 4. 5.]
 [5. 3. 5. 5. 4. 4. 0. 4. 5. 5. 4. 4. 4. 5. 5. 4. 5. 5. 5.]
 [4. 4. 5. 4. 5. 4. 4. 0. 5. 4. 4. 5. 4. 5. 5. 5. 5. 5. 5.]
 [4. 5. 4. 5. 5. 5. 5. 5. 0. 5. 5. 5. 5. 5. 5. 5. 4. 5. 5.]
 [5. 5. 5. 4. 4. 5. 5. 4. 5. 0. 5. 5. 5. 5. 5. 4. 5. 5. 3.]
 [3. 3. 5. 4. 5. 5. 4. 4. 5. 5. 0. 3. 5. 5. 4. 5. 5. 5. 4.]
 [5. 4. 4. 5. 5. 5. 4. 5. 5. 5. 3. 0. 5. 5. 4. 5. 5. 4. 5.]
 [5. 3. 5. 5. 5. 4. 4. 4. 5. 5. 5. 5. 0. 5. 5. 5. 5. 5. 5.]
 [5. 5. 5. 5. 5. 5. 5. 5. 5. 5. 5. 5. 5. 0. 4. 5. 5. 4. 4.]
 [5. 5. 5. 4. 5. 5. 5. 5. 5. 5. 4. 4. 5. 4. 0. 5. 5. 5. 4.]
 [5. 5. 4. 5. 4. 5. 4. 5. 5. 4. 5. 5. 5. 5. 5. 0. 5. 5. 5.]
 [4. 5. 5. 5. 5. 5. 5. 5. 4. 5. 5. 5. 5. 5. 5. 5. 0. 5. 5.]
 [5. 5. 5. 5. 4. 4. 5. 5. 5. 5. 5. 4. 5. 4. 5. 5. 5. 0. 5.]
 [4. 5. 5. 4. 4. 5. 5. 5. 5. 3. 4. 5. 5. 4. 4. 5. 5. 5. 0.]]
Solution:
 [[0.00890164]
 [0.00456964]
 [0.01541937]
 [0.01339491]
 [0.01402265]
 [0.01443707]
 [0.00513392]
 [0.00769108]
 [0.01495931]
 [0.01194264]
 [0.0047904 ]
 [0.01159291]
 [0.01630607]
 [0.01765093]
 [0.01321778]
 [0.01428262]
 [0.01881415]
 [0.01204563]
 [0.00441362]]   0.018814149686547633
______________________________________________________________
Vectors amount:  20
Ham: 
 [[0. 5. 4. 5. 5. 4. 5. 5. 5. 5. 5. 4. 4. 5. 5. 5. 3. 4. 5. 5.]
 [5. 0. 5. 5. 5. 4. 5. 5. 5. 4. 5. 5. 5. 5. 5. 5. 5. 5. 5. 4.]
 [4. 5. 0. 5. 4. 4. 5. 5. 5. 5. 4. 5. 5. 5. 5. 5. 5. 5. 4. 5.]
 [5. 5. 5. 0. 5. 5. 4. 5. 4. 5. 5. 5. 4. 5. 5. 4. 5. 4. 5. 5.]
 [5. 5. 4. 5. 0. 5. 5. 4. 5. 5. 5. 4. 5. 4. 5. 4. 5. 5. 3. 5.]
 [4. 4. 4. 5. 5. 0. 5. 5. 5. 5. 5. 4. 5. 5. 5. 4. 4. 5. 5. 4.]
 [5. 5. 5. 4. 5. 5. 0. 5. 4. 4. 5. 5. 5. 5. 4. 5. 5. 5. 5. 4.]
 [5. 5. 5. 5. 4. 5. 5. 0. 5. 5. 5. 4. 4. 5. 4. 4. 5. 4. 4. 5.]
 [5. 5. 5. 4. 5. 5. 4. 5. 0. 4. 4. 5. 5. 5. 5. 5. 5. 5. 5. 5.]
 [5. 4. 5. 5. 5. 5. 4. 5. 4. 0. 4. 5. 5. 4. 5. 5. 5. 5. 4. 5.]
 [5. 5. 4. 5. 5. 5. 5. 5. 4. 4. 0. 5. 4. 5. 4. 5. 5. 5. 5. 5.]
 [4. 5. 5. 5. 4. 4. 5. 4. 5. 5. 5. 0. 5. 5. 4. 4. 4. 5. 5. 5.]
 [4. 5. 5. 4. 5. 5. 5. 4. 5. 5. 4. 5. 0. 5. 4. 4. 5. 4. 5. 5.]
 [5. 5. 5. 5. 4. 5. 5. 5. 5. 4. 5. 5. 5. 0. 5. 4. 5. 5. 4. 5.]
 [5. 5. 5. 5. 5. 5. 4. 4. 5. 5. 4. 4. 4. 5. 0. 5. 5. 5. 5. 5.]
 [5. 5. 5. 4. 4. 4. 5. 4. 5. 5. 5. 4. 4. 4. 5. 0. 5. 3. 5. 4.]
 [3. 5. 5. 5. 5. 4. 5. 5. 5. 5. 5. 4. 5. 5. 5. 5. 0. 4. 5. 4.]
 [4. 5. 5. 4. 5. 5. 5. 4. 5. 5. 5. 5. 4. 5. 5. 3. 4. 0. 5. 5.]
 [5. 5. 4. 5. 3. 5. 5. 4. 5. 4. 5. 5. 5. 4. 5. 5. 5. 5. 0. 5.]
 [5. 4. 5. 5. 5. 4. 4. 5. 5. 5. 5. 5. 5. 5. 5. 4. 4. 5. 5. 0.]]
Solution:
 [[ 0.00751318]
 [ 0.01748388]
 [ 0.01402468]
 [ 0.01375045]
 [ 0.00853649]
 [ 0.00833782]
 [ 0.01101429]
 [ 0.01033466]
 [ 0.0146245 ]
 [ 0.00658827]
 [ 0.01181514]
 [ 0.01190576]
 [ 0.00966669]
 [ 0.01844686]
 [ 0.01231082]
 [-0.00103303]
 [ 0.01076192]
 [ 0.01326596]
 [ 0.00996464]
 [ 0.01394515]]   0.018446856443537885
______________________________________________________________
Vectors amount:  21
Ham: 
 [[0. 4. 4. 4. 5. 5. 5. 5. 4. 5. 5. 5. 5. 5. 5. 5. 5. 4. 5. 5. 5.]
 [4. 0. 5. 4. 5. 5. 4. 5. 5. 5. 5. 5. 5. 5. 5. 5. 5. 4. 4. 4. 4.]
 [4. 5. 0. 4. 3. 5. 4. 5. 4. 5. 3. 5. 5. 5. 4. 5. 5. 4. 5. 5. 4.]
 [4. 4. 4. 0. 4. 4. 4. 5. 4. 5. 4. 3. 5. 5. 5. 5. 5. 3. 3. 5. 3.]
 [5. 5. 3. 4. 0. 4. 5. 5. 4. 5. 5. 5. 5. 5. 5. 5. 5. 4. 5. 5. 4.]
 [5. 5. 5. 4. 4. 0. 4. 5. 5. 4. 5. 4. 4. 5. 5. 4. 5. 5. 4. 5. 5.]
 [5. 4. 4. 4. 5. 4. 0. 5. 5. 5. 4. 5. 4. 5. 5. 5. 5. 5. 4. 5. 5.]
 [5. 5. 5. 5. 5. 5. 5. 0. 5. 4. 4. 5. 4. 5. 5. 5. 3. 5. 5. 5. 4.]
 [4. 5. 4. 4. 4. 5. 5. 5. 0. 5. 5. 5. 4. 5. 5. 5. 5. 4. 5. 5. 4.]
 [5. 5. 5. 5. 5. 4. 5. 4. 5. 0. 5. 5. 4. 5. 5. 5. 3. 5. 5. 5. 5.]
 [5. 5. 3. 4. 5. 5. 4. 4. 5. 5. 0. 4. 5. 5. 4. 5. 5. 5. 4. 5. 3.]
 [5. 5. 5. 3. 5. 4. 5. 5. 5. 5. 4. 0. 5. 5. 5. 4. 5. 5. 4. 5. 4.]
 [5. 5. 5. 5. 5. 4. 4. 4. 4. 4. 5. 5. 0. 5. 5. 5. 5. 5. 5. 5. 5.]
 [5. 5. 5. 5. 5. 5. 5. 5. 5. 5. 5. 5. 5. 0. 5. 5. 5. 4. 5. 5. 5.]
 [5. 5. 4. 5. 5. 5. 5. 5. 5. 5. 4. 5. 5. 5. 0. 4. 5. 5. 5. 5. 5.]
 [5. 5. 5. 5. 5. 4. 5. 5. 5. 5. 5. 4. 5. 5. 4. 0. 5. 5. 5. 5. 4.]
 [5. 5. 5. 5. 5. 5. 5. 3. 5. 3. 5. 5. 5. 5. 5. 5. 0. 5. 5. 5. 5.]
 [4. 4. 4. 3. 4. 5. 5. 5. 4. 5. 5. 5. 5. 4. 5. 5. 5. 0. 5. 5. 4.]
 [5. 4. 5. 3. 5. 4. 4. 5. 5. 5. 4. 4. 5. 5. 5. 5. 5. 5. 0. 3. 4.]
 [5. 4. 5. 5. 5. 5. 5. 5. 5. 5. 5. 5. 5. 5. 5. 5. 5. 5. 3. 0. 5.]
 [5. 4. 4. 3. 4. 5. 5. 4. 4. 5. 3. 4. 5. 5. 5. 4. 5. 4. 4. 5. 0.]]
Solution:
 [[ 0.01768642]
 [ 0.00939406]
 [-0.00339091]
 [-0.01106115]
 [ 0.01876895]
 [ 0.00460909]
 [ 0.01568325]
 [ 0.00892943]
 [ 0.01198057]
 [ 0.01102693]
 [ 0.01023584]
 [ 0.0181657 ]
 [ 0.01068527]
 [ 0.01907094]
 [ 0.01724733]
 [ 0.01257404]
 [ 0.01314857]
 [ 0.01030093]
 [ 0.00676717]
 [ 0.01654544]
 [ 0.00276326]]   0.01907093564696897
______________________________________________________________
Vectors amount:  22
Ham: 
 [[0. 5. 4. 5. 5. 5. 3. 5. 5. 5. 5. 5. 5. 5. 5. 5. 4. 4. 3. 5. 5. 5.]
 [5. 0. 5. 5. 4. 4. 5. 5. 4. 5. 4. 4. 5. 5. 5. 4. 5. 5. 5. 4. 3. 3.]
 [4. 5. 0. 5. 4. 5. 4. 4. 5. 5. 4. 5. 4. 5. 5. 5. 4. 4. 4. 5. 5. 5.]
 [5. 5. 5. 0. 5. 5. 5. 5. 4. 4. 5. 4. 3. 5. 5. 5. 5. 5. 5. 5. 5. 5.]
 [5. 4. 4. 5. 0. 5. 5. 5. 5. 4. 3. 5. 3. 5. 5. 4. 4. 5. 5. 5. 4. 5.]
 [5. 4. 5. 5. 5. 0. 5. 5. 5. 5. 5. 4. 5. 4. 5. 4. 4. 5. 5. 5. 5. 4.]
 [3. 5. 4. 5. 5. 5. 0. 5. 5. 5. 2. 5. 5. 5. 5. 5. 5. 5. 5. 5. 5. 5.]
 [5. 5. 4. 5. 5. 5. 5. 0. 4. 5. 5. 5. 5. 4. 5. 5. 5. 4. 5. 5. 4. 5.]
 [5. 4. 5. 4. 5. 5. 5. 4. 0. 5. 5. 4. 5. 5. 5. 5. 5. 4. 5. 5. 5. 3.]
 [5. 5. 5. 4. 4. 5. 5. 5. 5. 0. 5. 5. 4. 5. 4. 5. 4. 5. 5. 4. 5. 5.]
 [5. 4. 4. 5. 3. 5. 2. 5. 5. 5. 0. 5. 5. 5. 5. 5. 5. 5. 5. 5. 4. 5.]
 [5. 4. 5. 4. 5. 4. 5. 5. 4. 5. 5. 0. 5. 5. 5. 4. 5. 5. 4. 5. 5. 4.]
 [5. 5. 4. 3. 3. 5. 5. 5. 5. 4. 5. 5. 0. 5. 4. 5. 4. 4. 5. 4. 5. 4.]
 [5. 5. 5. 5. 5. 4. 5. 4. 5. 5. 5. 5. 5. 0. 5. 5. 4. 4. 5. 5. 4. 5.]
 [5. 5. 5. 5. 5. 5. 5. 5. 5. 4. 5. 5. 4. 5. 0. 5. 5. 4. 5. 3. 5. 4.]
 [5. 4. 5. 5. 4. 4. 5. 5. 5. 5. 5. 4. 5. 5. 5. 0. 4. 5. 4. 5. 5. 4.]
 [4. 5. 4. 5. 4. 4. 5. 5. 5. 4. 5. 5. 4. 4. 5. 4. 0. 4. 4. 5. 5. 5.]
 [4. 5. 4. 5. 5. 5. 5. 4. 4. 5. 5. 5. 4. 4. 4. 5. 4. 0. 4. 3. 4. 3.]
 [3. 5. 4. 5. 5. 5. 5. 5. 5. 5. 5. 4. 5. 5. 5. 4. 4. 4. 0. 5. 5. 5.]
 [5. 4. 5. 5. 5. 5. 5. 5. 5. 4. 5. 5. 4. 5. 3. 5. 5. 3. 5. 0. 5. 4.]
 [5. 3. 5. 5. 4. 5. 5. 4. 5. 5. 4. 5. 5. 4. 5. 5. 5. 4. 5. 5. 0. 5.]
 [5. 3. 5. 5. 5. 4. 5. 5. 3. 5. 5. 4. 4. 5. 4. 4. 5. 3. 5. 4. 5. 0.]]
Solution:
 [[ 0.01309015]
 [-0.00630209]
 [ 0.01082554]
 [ 0.01594333]
 [ 0.00868176]
 [ 0.01398944]
 [ 0.01082746]
 [ 0.01401759]
 [ 0.01528888]
 [ 0.01018181]
 [ 0.00871257]
 [ 0.0082467 ]
 [ 0.00192341]
 [ 0.01549488]
 [ 0.01345923]
 [ 0.01233036]
 [ 0.00621583]
 [-0.01376506]
 [ 0.01344944]
 [ 0.02014828]
 [ 0.01934866]
 [ 0.011348  ]]   0.020148279427927705
______________________________________________________________
Vectors amount:  23
Ham: 
 [[0. 5. 4. 3. 5. 5. 4. 4. 5. 4. 5. 5. 5. 3. 5. 5. 5. 5. 4. 5. 5. 5. 5.]
 [5. 0. 5. 4. 5. 4. 5. 5. 4. 5. 5. 4. 5. 5. 5. 5. 5. 5. 5. 4. 5. 5. 5.]
 [4. 5. 0. 4. 5. 5. 5. 5. 5. 4. 4. 5. 3. 5. 5. 5. 5. 5. 2. 5. 4. 3. 5.]
 [3. 4. 4. 0. 5. 5. 5. 4. 5. 5. 5. 5. 4. 4. 5. 5. 5. 5. 5. 5. 5. 5. 5.]
 [5. 5. 5. 5. 0. 5. 5. 5. 5. 5. 4. 4. 5. 5. 5. 4. 4. 5. 5. 5. 5. 4. 5.]
 [5. 4. 5. 5. 5. 0. 4. 5. 5. 5. 5. 5. 5. 5. 4. 5. 5. 5. 5. 5. 5. 5. 5.]
 [4. 5. 5. 5. 5. 4. 0. 5. 5. 4. 5. 5. 5. 4. 4. 4. 5. 5. 5. 5. 5. 5. 5.]
 [4. 5. 5. 4. 5. 5. 5. 0. 5. 4. 5. 5. 5. 5. 5. 5. 5. 5. 5. 5. 5. 5. 3.]
 [5. 4. 5. 5. 5. 5. 5. 5. 0. 5. 5. 5. 5. 5. 4. 5. 5. 3. 5. 3. 5. 5. 4.]
 [4. 5. 4. 5. 5. 5. 4. 4. 5. 0. 5. 5. 5. 5. 4. 5. 5. 5. 4. 4. 5. 5. 5.]
 [5. 5. 4. 5. 4. 5. 5. 5. 5. 5. 0. 5. 4. 5. 5. 5. 4. 5. 4. 5. 5. 3. 5.]
 [5. 4. 5. 5. 4. 5. 5. 5. 5. 5. 5. 0. 5. 5. 5. 5. 5. 4. 5. 5. 4. 5. 5.]
 [5. 5. 3. 4. 5. 5. 5. 5. 5. 5. 4. 5. 0. 4. 5. 5. 5. 5. 4. 5. 5. 4. 5.]
 [3. 5. 5. 4. 5. 5. 4. 5. 5. 5. 5. 5. 4. 0. 5. 4. 5. 5. 5. 5. 5. 5. 5.]
 [5. 5. 5. 5. 5. 4. 4. 5. 4. 4. 5. 5. 5. 5. 0. 5. 4. 4. 5. 4. 5. 5. 4.]
 [5. 5. 5. 5. 4. 5. 4. 5. 5. 5. 5. 5. 5. 4. 5. 0. 5. 5. 5. 5. 5. 5. 5.]
 [5. 5. 5. 5. 4. 5. 5. 5. 5. 5. 4. 5. 5. 5. 4. 5. 0. 5. 4. 3. 5. 4. 4.]
 [5. 5. 5. 5. 5. 5. 5. 5. 3. 5. 5. 4. 5. 5. 4. 5. 5. 0. 5. 5. 4. 5. 4.]
 [4. 5. 2. 5. 5. 5. 5. 5. 5. 4. 4. 5. 4. 5. 5. 5. 4. 5. 0. 5. 5. 3. 4.]
 [5. 4. 5. 5. 5. 5. 5. 5. 3. 4. 5. 5. 5. 5. 4. 5. 3. 5. 5. 0. 5. 5. 4.]
 [5. 5. 4. 5. 5. 5. 5. 5. 5. 5. 5. 4. 5. 5. 5. 5. 5. 4. 5. 5. 0. 5. 5.]
 [5. 5. 3. 5. 4. 5. 5. 5. 5. 5. 3. 5. 4. 5. 5. 5. 4. 5. 3. 5. 5. 0. 5.]
 [5. 5. 5. 5. 5. 5. 5. 3. 4. 5. 5. 5. 5. 5. 4. 5. 4. 4. 4. 4. 5. 5. 0.]]
Solution:
 [[ 0.00536111]
 [ 0.00970836]
 [-0.00451985]
 [ 0.01062552]
 [ 0.00998494]
 [ 0.01617046]
 [ 0.00802864]
 [ 0.01275957]
 [ 0.01058979]
 [ 0.01227891]
 [ 0.01017979]
 [ 0.01166676]
 [ 0.01308382]
 [ 0.00926198]
 [ 0.00555442]
 [ 0.01537363]
 [ 0.00831773]
 [ 0.00839655]
 [ 0.0090159 ]
 [ 0.00654936]
 [ 0.01772005]
 [ 0.00868111]
 [ 0.00604016]]   0.0177200515782396
______________________________________________________________
Vectors amount:  24
Ham: 
 [[0. 5. 4. 5. 5. 4. 4. 5. 4. 5. 5. 4. 5. 4. 5. 5. 5. 5. 4. 5. 5. 5. 5. 4.]
 [5. 0. 4. 4. 4. 5. 5. 5. 5. 5. 5. 5. 5. 5. 4. 5. 4. 5. 5. 5. 5. 5. 5. 5.]
 [4. 4. 0. 5. 4. 4. 5. 5. 5. 5. 5. 5. 4. 4. 5. 3. 5. 5. 4. 5. 5. 5. 5. 4.]
 [5. 4. 5. 0. 4. 5. 5. 4. 5. 4. 4. 4. 5. 5. 5. 5. 5. 5. 4. 4. 4. 5. 3. 5.]
 [5. 4. 4. 4. 0. 5. 4. 5. 4. 5. 5. 5. 3. 4. 4. 4. 4. 5. 5. 5. 5. 5. 5. 4.]
 [4. 5. 4. 5. 5. 0. 4. 5. 5. 5. 5. 5. 4. 4. 5. 5. 5. 5. 5. 5. 4. 5. 5. 5.]
 [4. 5. 5. 5. 4. 4. 0. 5. 2. 5. 5. 5. 5. 5. 5. 5. 4. 4. 5. 5. 5. 5. 5. 4.]
 [5. 5. 5. 4. 5. 5. 5. 0. 5. 4. 4. 5. 5. 5. 5. 4. 5. 5. 5. 4. 3. 5. 5. 5.]
 [4. 5. 5. 5. 4. 5. 2. 5. 0. 5. 5. 5. 5. 5. 5. 5. 5. 4. 5. 5. 5. 5. 5. 4.]
 [5. 5. 5. 4. 5. 5. 5. 4. 5. 0. 4. 5. 5. 4. 5. 5. 5. 4. 4. 4. 4. 3. 5. 5.]
 [5. 5. 5. 4. 5. 5. 5. 4. 5. 4. 0. 5. 5. 5. 4. 4. 4. 5. 5. 4. 4. 5. 5. 5.]
 [4. 5. 5. 4. 5. 5. 5. 5. 5. 5. 5. 0. 4. 5. 5. 5. 5. 5. 3. 4. 5. 5. 4. 5.]
 [5. 5. 4. 5. 3. 4. 5. 5. 5. 5. 5. 4. 0. 4. 4. 4. 4. 5. 5. 5. 5. 5. 4. 4.]
 [4. 5. 4. 5. 4. 4. 5. 5. 5. 4. 5. 5. 4. 0. 5. 4. 4. 5. 4. 5. 5. 4. 5. 3.]
 [5. 4. 5. 5. 4. 5. 5. 5. 5. 5. 4. 5. 4. 5. 0. 5. 4. 5. 5. 5. 5. 5. 5. 5.]
 [5. 5. 3. 5. 4. 5. 5. 4. 5. 5. 4. 5. 4. 4. 5. 0. 5. 5. 4. 5. 5. 5. 5. 4.]
 [5. 4. 5. 5. 4. 5. 4. 5. 5. 5. 4. 5. 4. 4. 4. 5. 0. 5. 4. 5. 5. 5. 5. 5.]
 [5. 5. 5. 5. 5. 5. 4. 5. 4. 4. 5. 5. 5. 5. 5. 5. 5. 0. 4. 3. 5. 4. 4. 3.]
 [4. 5. 4. 4. 5. 5. 5. 5. 5. 4. 5. 3. 5. 4. 5. 4. 4. 4. 0. 5. 5. 5. 4. 5.]
 [5. 5. 5. 4. 5. 5. 5. 4. 5. 4. 4. 4. 5. 5. 5. 5. 5. 3. 5. 0. 4. 4. 4. 4.]
 [5. 5. 5. 4. 5. 4. 5. 3. 5. 4. 4. 5. 5. 5. 5. 5. 5. 5. 5. 4. 0. 5. 5. 5.]
 [5. 5. 5. 5. 5. 5. 5. 5. 5. 3. 5. 5. 5. 4. 5. 5. 5. 4. 5. 4. 5. 0. 5. 5.]
 [5. 5. 5. 3. 5. 5. 5. 5. 5. 5. 5. 4. 4. 5. 5. 5. 5. 4. 4. 4. 5. 5. 0. 4.]
 [4. 5. 4. 5. 4. 5. 4. 5. 4. 5. 5. 5. 4. 3. 5. 4. 5. 3. 5. 4. 5. 5. 4. 0.]]
Solution:
 [[ 0.00991365]
 [ 0.01474818]
 [ 0.00712281]
 [ 0.00130141]
 [ 0.00517256]
 [ 0.0165217 ]
 [ 0.00143187]
 [ 0.01252884]
 [ 0.01657995]
 [ 0.0067251 ]
 [ 0.00827065]
 [ 0.01805053]
 [-0.00053001]
 [ 0.00382362]
 [ 0.01491907]
 [ 0.01391749]
 [ 0.01377447]
 [ 0.0101401 ]
 [-0.00067708]
 [-0.00014921]
 [ 0.01166077]
 [ 0.0177533 ]
 [ 0.0165969 ]
 [ 0.00360955]]   0.018050525403299277
______________________________________________________________
Vectors amount:  25
Ham: 
 [[0. 5. 5. 5. 4. 4. 5. 4. 5. 5. 4. 5. 5. 4. 4. 5. 5. 5. 5. 5. 3. 4. 5. 4.
  5.]
 [5. 0. 4. 5. 5. 5. 5. 5. 5. 5. 5. 5. 4. 5. 3. 5. 5. 5. 5. 4. 5. 5. 5. 5.
  4.]
 [5. 4. 0. 5. 5. 5. 5. 5. 5. 5. 5. 4. 5. 5. 5. 4. 5. 5. 5. 5. 5. 4. 4. 4.
  5.]
 [5. 5. 5. 0. 5. 5. 4. 5. 3. 5. 4. 4. 5. 4. 5. 5. 5. 4. 3. 4. 5. 5. 5. 4.
  3.]
 [4. 5. 5. 5. 0. 4. 5. 4. 4. 5. 5. 5. 4. 4. 4. 5. 5. 5. 5. 5. 3. 5. 5. 5.
  5.]
 [4. 5. 5. 5. 4. 0. 5. 4. 5. 5. 4. 5. 5. 5. 5. 5. 5. 5. 5. 5. 5. 5. 5. 5.
  5.]
 [5. 5. 5. 4. 5. 5. 0. 5. 5. 5. 5. 5. 5. 5. 5. 5. 5. 5. 4. 4. 5. 5. 5. 5.
  4.]
 [4. 5. 5. 5. 4. 4. 5. 0. 4. 4. 5. 5. 5. 5. 5. 5. 4. 4. 5. 5. 5. 5. 5. 4.
  5.]
 [5. 5. 5. 3. 4. 5. 5. 4. 0. 4. 3. 5. 4. 4. 5. 5. 5. 4. 4. 5. 5. 5. 4. 4.
  4.]
 [5. 5. 5. 5. 5. 5. 5. 4. 4. 0. 4. 5. 4. 5. 4. 5. 4. 5. 5. 5. 4. 5. 5. 5.
  5.]
 [4. 5. 5. 4. 5. 4. 5. 5. 3. 4. 0. 5. 5. 5. 5. 4. 4. 5. 5. 5. 5. 5. 3. 4.
  4.]
 [5. 5. 4. 4. 5. 5. 5. 5. 5. 5. 5. 0. 5. 5. 5. 4. 5. 5. 4. 5. 5. 5. 5. 5.
  4.]
 [5. 4. 5. 5. 4. 5. 5. 5. 4. 4. 5. 5. 0. 4. 3. 5. 5. 5. 5. 5. 5. 4. 5. 5.
  4.]
 [4. 5. 5. 4. 4. 5. 5. 5. 4. 5. 5. 5. 4. 0. 5. 5. 5. 4. 5. 3. 5. 4. 5. 5.
  5.]
 [4. 3. 5. 5. 4. 5. 5. 5. 5. 4. 5. 5. 3. 5. 0. 5. 5. 5. 5. 5. 4. 5. 5. 5.
  4.]
 [5. 5. 4. 5. 5. 5. 5. 5. 5. 5. 4. 4. 5. 5. 5. 0. 5. 5. 5. 5. 5. 5. 3. 5.
  4.]
 [5. 5. 5. 5. 5. 5. 5. 4. 5. 4. 4. 5. 5. 5. 5. 5. 0. 3. 4. 5. 5. 3. 5. 4.
  5.]
 [5. 5. 5. 4. 5. 5. 5. 4. 4. 5. 5. 5. 5. 4. 5. 5. 3. 0. 3. 5. 5. 4. 5. 5.
  5.]
 [5. 5. 5. 3. 5. 5. 4. 5. 4. 5. 5. 4. 5. 5. 5. 5. 4. 3. 0. 5. 5. 4. 5. 5.
  3.]
 [5. 4. 5. 4. 5. 5. 4. 5. 5. 5. 5. 5. 5. 3. 5. 5. 5. 5. 5. 0. 5. 5. 5. 5.
  5.]
 [3. 5. 5. 5. 3. 5. 5. 5. 5. 4. 5. 5. 5. 5. 4. 5. 5. 5. 5. 5. 0. 5. 5. 5.
  5.]
 [4. 5. 4. 5. 5. 5. 5. 5. 5. 5. 5. 5. 4. 4. 5. 5. 3. 4. 4. 5. 5. 0. 4. 4.
  5.]
 [5. 5. 4. 5. 5. 5. 5. 5. 4. 5. 3. 5. 5. 5. 5. 3. 5. 5. 5. 5. 5. 4. 0. 4.
  5.]
 [4. 5. 4. 4. 5. 5. 5. 4. 4. 5. 4. 5. 5. 5. 5. 5. 4. 5. 5. 5. 5. 4. 4. 0.
  4.]
 [5. 4. 5. 3. 5. 5. 4. 5. 4. 5. 4. 4. 4. 5. 4. 4. 5. 5. 3. 5. 5. 5. 5. 4.
  0.]]
Solution:
 [[ 0.00162139]
 [ 0.01364152]
 [ 0.00783383]
 [ 0.00146294]
 [ 0.00363797]
 [ 0.01797476]
 [ 0.01775392]
 [ 0.00828332]
 [ 0.00307227]
 [ 0.01059801]
 [ 0.00417174]
 [ 0.01586731]
 [ 0.01022216]
 [ 0.01014927]
 [ 0.00581101]
 [ 0.01248551]
 [ 0.00690555]
 [ 0.01011264]
 [ 0.00765306]
 [ 0.01088626]
 [ 0.0161321 ]
 [ 0.00494001]
 [ 0.00923572]
 [ 0.01224902]
 [-0.00118365]]   0.017974760508578748
______________________________________________________________
Vectors amount:  26
Ham: 
 [[0. 5. 5. 4. 5. 5. 5. 5. 5. 2. 5. 5. 5. 4. 5. 5. 5. 5. 4. 5. 5. 5. 5. 4.
  5. 5.]
 [5. 0. 4. 5. 4. 5. 4. 5. 5. 5. 5. 5. 5. 5. 4. 5. 5. 3. 5. 5. 5. 5. 5. 5.
  5. 5.]
 [5. 4. 0. 5. 4. 3. 5. 5. 4. 5. 5. 4. 5. 5. 5. 5. 5. 4. 5. 4. 5. 5. 5. 4.
  5. 5.]
 [4. 5. 5. 0. 5. 5. 5. 5. 4. 4. 4. 5. 5. 4. 5. 5. 4. 5. 5. 5. 5. 5. 3. 5.
  5. 4.]
 [5. 4. 4. 5. 0. 3. 5. 4. 4. 5. 5. 4. 5. 5. 5. 5. 4. 5. 5. 5. 5. 5. 5. 5.
  4. 5.]
 [5. 5. 3. 5. 3. 0. 5. 5. 4. 4. 5. 4. 4. 5. 5. 5. 5. 5. 5. 5. 5. 3. 5. 5.
  5. 4.]
 [5. 4. 5. 5. 5. 5. 0. 4. 5. 5. 4. 4. 5. 5. 5. 5. 4. 5. 4. 5. 3. 5. 5. 5.
  5. 4.]
 [5. 5. 5. 5. 4. 5. 4. 0. 5. 5. 5. 4. 5. 5. 5. 5. 3. 5. 4. 5. 5. 4. 4. 5.
  5. 5.]
 [5. 5. 4. 4. 4. 4. 5. 5. 0. 4. 5. 5. 3. 5. 5. 5. 3. 5. 5. 4. 5. 4. 4. 5.
  4. 3.]
 [2. 5. 5. 4. 5. 4. 5. 5. 4. 0. 5. 5. 4. 4. 5. 5. 5. 5. 4. 5. 5. 4. 5. 4.
  5. 4.]
 [5. 5. 5. 4. 5. 5. 4. 5. 5. 5. 0. 4. 5. 5. 5. 3. 5. 4. 5. 4. 4. 5. 3. 4.
  4. 5.]
 [5. 5. 4. 5. 4. 4. 4. 4. 5. 5. 4. 0. 5. 5. 5. 3. 4. 5. 4. 4. 5. 5. 4. 4.
  5. 5.]
 [5. 5. 5. 5. 5. 4. 5. 5. 3. 4. 5. 5. 0. 5. 4. 5. 4. 5. 5. 5. 4. 4. 5. 5.
  5. 3.]
 [4. 5. 5. 4. 5. 5. 5. 5. 5. 4. 5. 5. 5. 0. 4. 5. 5. 5. 4. 5. 5. 5. 4. 4.
  5. 4.]
 [5. 4. 5. 5. 5. 5. 5. 5. 5. 5. 5. 5. 4. 4. 0. 5. 5. 4. 5. 5. 4. 5. 5. 5.
  5. 3.]
 [5. 5. 5. 5. 5. 5. 5. 5. 5. 5. 3. 3. 5. 5. 5. 0. 5. 4. 5. 4. 4. 4. 4. 3.
  4. 5.]
 [5. 5. 5. 4. 4. 5. 4. 3. 3. 5. 5. 4. 4. 5. 5. 5. 0. 5. 4. 5. 5. 5. 4. 5.
  5. 4.]
 [5. 3. 4. 5. 5. 5. 5. 5. 5. 5. 4. 5. 5. 5. 4. 4. 5. 0. 5. 4. 4. 5. 5. 4.
  4. 5.]
 [4. 5. 5. 5. 5. 5. 4. 4. 5. 4. 5. 4. 5. 4. 5. 5. 4. 5. 0. 5. 5. 5. 5. 4.
  5. 5.]
 [5. 5. 4. 5. 5. 5. 5. 5. 4. 5. 4. 4. 5. 5. 5. 4. 5. 4. 5. 0. 4. 5. 5. 4.
  5. 5.]
 [5. 5. 5. 5. 5. 5. 3. 5. 5. 5. 4. 5. 4. 5. 4. 4. 5. 4. 5. 4. 0. 5. 5. 5.
  5. 4.]
 [5. 5. 5. 5. 5. 3. 5. 4. 4. 4. 5. 5. 4. 5. 5. 4. 5. 5. 5. 5. 5. 0. 4. 4.
  5. 4.]
 [5. 5. 5. 3. 5. 5. 5. 4. 4. 5. 3. 4. 5. 4. 5. 4. 4. 5. 5. 5. 5. 4. 0. 5.
  5. 4.]
 [4. 5. 4. 5. 5. 5. 5. 5. 5. 4. 4. 4. 5. 4. 5. 3. 5. 4. 4. 4. 5. 4. 5. 0.
  4. 5.]
 [5. 5. 5. 5. 4. 5. 5. 5. 4. 5. 4. 5. 5. 5. 5. 4. 5. 4. 5. 5. 5. 5. 5. 4.
  0. 5.]
 [5. 5. 5. 4. 5. 4. 4. 5. 3. 4. 5. 5. 3. 4. 3. 5. 4. 5. 5. 5. 4. 4. 4. 5.
  5. 0.]]
Solution:
 [[ 0.01499631]
 [ 0.01198866]
 [ 0.01420436]
 [ 0.01403008]
 [ 0.00915972]
 [ 0.00645753]
 [ 0.01286958]
 [ 0.0081743 ]
 [-0.00739375]
 [ 0.00174822]
 [ 0.00151796]
 [-0.00052328]
 [ 0.0169288 ]
 [ 0.010886  ]
 [ 0.01479742]
 [ 0.00986759]
 [ 0.00859735]
 [ 0.00163853]
 [ 0.01209845]
 [ 0.01843401]
 [ 0.00575929]
 [ 0.01397205]
 [ 0.00860872]
 [-0.0029893 ]
 [ 0.02049014]
 [-0.00346846]]   0.02049013994254049
______________________________________________________________
Vectors amount:  27
Ham: 
 [[0. 5. 5. 5. 4. 5. 5. 4. 5. 5. 5. 4. 4. 4. 5. 5. 4. 5. 5. 5. 5. 5. 5. 5.
  4. 5. 5.]
 [5. 0. 3. 5. 5. 5. 5. 5. 5. 5. 4. 4. 5. 5. 4. 5. 5. 5. 5. 5. 5. 5. 4. 5.
  5. 5. 4.]
 [5. 3. 0. 5. 5. 4. 5. 5. 5. 5. 5. 5. 5. 5. 4. 5. 5. 5. 5. 4. 5. 5. 5. 5.
  5. 5. 4.]
 [5. 5. 5. 0. 5. 5. 5. 5. 5. 5. 4. 5. 5. 3. 5. 5. 5. 5. 3. 4. 4. 4. 5. 4.
  5. 5. 4.]
 [4. 5. 5. 5. 0. 5. 5. 4. 5. 5. 5. 5. 5. 5. 5. 5. 4. 3. 5. 4. 5. 5. 5. 4.
  5. 5. 5.]
 [5. 5. 4. 5. 5. 0. 5. 5. 2. 4. 5. 5. 5. 5. 5. 5. 5. 4. 5. 4. 5. 5. 5. 5.
  5. 5. 5.]
 [5. 5. 5. 5. 5. 5. 0. 5. 5. 5. 5. 4. 5. 5. 5. 4. 5. 4. 4. 5. 5. 5. 5. 5.
  5. 5. 5.]
 [4. 5. 5. 5. 4. 5. 5. 0. 4. 5. 5. 4. 5. 5. 5. 5. 5. 5. 5. 4. 5. 5. 5. 5.
  5. 5. 5.]
 [5. 5. 5. 5. 5. 2. 5. 4. 0. 4. 5. 5. 5. 5. 5. 5. 5. 4. 5. 5. 5. 5. 4. 5.
  5. 5. 5.]
 [5. 5. 5. 5. 5. 4. 5. 5. 4. 0. 5. 5. 5. 5. 4. 5. 5. 4. 5. 4. 5. 5. 5. 5.
  5. 5. 5.]
 [5. 4. 5. 4. 5. 5. 5. 5. 5. 5. 0. 5. 5. 5. 5. 5. 4. 5. 5. 5. 5. 4. 5. 5.
  5. 5. 4.]
 [4. 4. 5. 5. 5. 5. 4. 4. 5. 5. 5. 0. 5. 5. 5. 5. 5. 5. 4. 5. 5. 5. 4. 5.
  4. 5. 4.]
 [4. 5. 5. 5. 5. 5. 5. 5. 5. 5. 5. 5. 0. 4. 5. 4. 4. 5. 4. 5. 4. 5. 5. 4.
  3. 3. 5.]
 [4. 5. 5. 3. 5. 5. 5. 5. 5. 5. 5. 5. 4. 0. 5. 4. 5. 5. 5. 3. 4. 5. 5. 5.
  4. 5. 5.]
 [5. 4. 4. 5. 5. 5. 5. 5. 5. 4. 5. 5. 5. 5. 0. 5. 5. 5. 5. 5. 4. 5. 5. 4.
  5. 3. 4.]
 [5. 5. 5. 5. 5. 5. 4. 5. 5. 5. 5. 5. 4. 4. 5. 0. 4. 5. 5. 5. 5. 5. 5. 3.
  3. 4. 5.]
 [4. 5. 5. 5. 4. 5. 5. 5. 5. 5. 4. 5. 4. 5. 5. 4. 0. 5. 4. 5. 5. 5. 5. 4.
  4. 5. 5.]
 [5. 5. 5. 5. 3. 4. 4. 5. 4. 4. 5. 5. 5. 5. 5. 5. 5. 0. 5. 5. 5. 5. 5. 4.
  5. 5. 5.]
 [5. 5. 5. 3. 5. 5. 4. 5. 5. 5. 5. 4. 4. 5. 5. 5. 4. 5. 0. 5. 5. 5. 5. 4.
  5. 5. 5.]
 [5. 5. 4. 4. 4. 4. 5. 4. 5. 4. 5. 5. 5. 3. 5. 5. 5. 5. 5. 0. 4. 5. 5. 5.
  5. 5. 5.]
 [5. 5. 5. 4. 5. 5. 5. 5. 5. 5. 5. 5. 4. 4. 4. 5. 5. 5. 5. 4. 0. 5. 4. 4.
  4. 3. 5.]
 [5. 5. 5. 4. 5. 5. 5. 5. 5. 5. 4. 5. 5. 5. 5. 5. 5. 5. 5. 5. 5. 0. 4. 5.
  5. 4. 4.]
 [5. 4. 5. 5. 5. 5. 5. 5. 4. 5. 5. 4. 5. 5. 5. 5. 5. 5. 5. 5. 4. 4. 0. 5.
  5. 5. 5.]
 [5. 5. 5. 4. 4. 5. 5. 5. 5. 5. 5. 5. 4. 5. 4. 3. 4. 4. 4. 5. 4. 5. 5. 0.
  4. 3. 5.]
 [4. 5. 5. 5. 5. 5. 5. 5. 5. 5. 5. 4. 3. 4. 5. 3. 4. 5. 5. 5. 4. 5. 5. 4.
  0. 3. 5.]
 [5. 5. 5. 5. 5. 5. 5. 5. 5. 5. 5. 5. 3. 5. 3. 4. 5. 5. 5. 5. 3. 4. 5. 3.
  3. 0. 5.]
 [5. 4. 4. 4. 5. 5. 5. 5. 5. 5. 4. 4. 5. 5. 4. 5. 5. 5. 5. 5. 5. 4. 5. 5.
  5. 5. 0.]]
Solution:
 [[0.00849911]
 [0.00571991]
 [0.01153272]
 [0.00018754]
 [0.01037676]
 [0.01081267]
 [0.01274501]
 [0.01412989]
 [0.00336832]
 [0.01356935]
 [0.01276193]
 [0.00319764]
 [0.00353187]
 [0.01223202]
 [0.00724266]
 [0.00912134]
 [0.00665546]
 [0.0068209 ]
 [0.01376967]
 [0.00054332]
 [0.00884503]
 [0.0113295 ]
 [0.01283484]
 [0.00128121]
 [0.00401544]
 [0.00527027]
 [0.00893254]]   0.014129890820005018
______________________________________________________________
Vectors amount:  28
Ham: 
 [[0. 5. 5. 4. 5. 5. 5. 5. 5. 4. 5. 4. 5. 5. 5. 5. 3. 5. 5. 5. 4. 5. 5. 5.
  4. 5. 4. 5.]
 [5. 0. 5. 5. 4. 3. 5. 5. 5. 5. 5. 4. 4. 5. 5. 5. 5. 4. 4. 5. 5. 5. 5. 4.
  5. 4. 4. 5.]
 [5. 5. 0. 4. 5. 5. 5. 5. 4. 5. 5. 5. 5. 5. 5. 5. 5. 5. 5. 5. 5. 5. 5. 5.
  5. 5. 5. 4.]
 [4. 5. 4. 0. 5. 5. 5. 5. 5. 4. 5. 5. 5. 5. 5. 4. 5. 5. 5. 4. 5. 5. 5. 5.
  4. 5. 4. 4.]
 [5. 4. 5. 5. 0. 5. 5. 5. 5. 4. 5. 5. 5. 5. 5. 5. 4. 4. 4. 5. 5. 5. 5. 4.
  5. 5. 3. 5.]
 [5. 3. 5. 5. 5. 0. 5. 4. 5. 5. 5. 5. 5. 5. 5. 5. 4. 4. 4. 5. 5. 5. 4. 5.
  5. 5. 5. 5.]
 [5. 5. 5. 5. 5. 5. 0. 5. 5. 5. 4. 5. 4. 5. 5. 5. 5. 5. 5. 4. 5. 4. 5. 5.
  5. 5. 4. 5.]
 [5. 5. 5. 5. 5. 4. 5. 0. 5. 4. 4. 5. 5. 4. 4. 5. 3. 5. 4. 4. 4. 5. 5. 5.
  4. 4. 5. 5.]
 [5. 5. 4. 5. 5. 5. 5. 5. 0. 5. 5. 5. 5. 4. 4. 5. 5. 4. 5. 4. 5. 5. 4. 5.
  5. 5. 5. 5.]
 [4. 5. 5. 4. 4. 5. 5. 4. 5. 0. 4. 5. 5. 4. 4. 5. 4. 4. 5. 5. 5. 5. 5. 5.
  4. 5. 4. 5.]
 [5. 5. 5. 5. 5. 5. 4. 4. 5. 4. 0. 4. 5. 5. 5. 5. 5. 4. 4. 5. 3. 4. 3. 5.
  4. 5. 4. 5.]
 [4. 4. 5. 5. 5. 5. 5. 5. 5. 5. 4. 0. 5. 5. 5. 5. 4. 5. 4. 5. 5. 5. 4. 5.
  5. 5. 5. 4.]
 [5. 4. 5. 5. 5. 5. 4. 5. 5. 5. 5. 5. 0. 5. 5. 3. 5. 5. 4. 4. 5. 4. 5. 4.
  4. 4. 5. 5.]
 [5. 5. 5. 5. 5. 5. 5. 4. 4. 4. 5. 5. 5. 0. 5. 5. 5. 5. 4. 3. 5. 5. 5. 5.
  5. 4. 5. 5.]
 [5. 5. 5. 5. 5. 5. 5. 4. 4. 4. 5. 5. 5. 5. 0. 5. 4. 5. 5. 5. 5. 4. 5. 5.
  5. 4. 5. 5.]
 [5. 5. 5. 4. 5. 5. 5. 5. 5. 5. 5. 5. 3. 5. 5. 0. 5. 5. 5. 5. 5. 4. 5. 5.
  4. 5. 5. 5.]
 [3. 5. 5. 5. 4. 4. 5. 3. 5. 4. 5. 4. 5. 5. 4. 5. 0. 5. 5. 5. 4. 5. 5. 4.
  5. 5. 5. 5.]
 [5. 4. 5. 5. 4. 4. 5. 5. 4. 4. 4. 5. 5. 5. 5. 5. 5. 0. 4. 5. 4. 5. 3. 5.
  5. 5. 4. 5.]
 [5. 4. 5. 5. 4. 4. 5. 4. 5. 5. 4. 4. 4. 4. 5. 5. 5. 4. 0. 4. 5. 5. 4. 5.
  5. 4. 5. 5.]
 [5. 5. 5. 4. 5. 5. 4. 4. 4. 5. 5. 5. 4. 3. 5. 5. 5. 5. 4. 0. 5. 5. 5. 5.
  5. 4. 4. 5.]
 [4. 5. 5. 5. 5. 5. 5. 4. 5. 5. 3. 5. 5. 5. 5. 5. 4. 4. 5. 5. 0. 5. 4. 5.
  4. 4. 5. 5.]
 [5. 5. 5. 5. 5. 5. 4. 5. 5. 5. 4. 5. 4. 5. 4. 4. 5. 5. 5. 5. 5. 0. 5. 5.
  4. 5. 4. 5.]
 [5. 5. 5. 5. 5. 4. 5. 5. 4. 5. 3. 4. 5. 5. 5. 5. 5. 3. 4. 5. 4. 5. 0. 5.
  4. 5. 5. 5.]
 [5. 4. 5. 5. 4. 5. 5. 5. 5. 5. 5. 5. 4. 5. 5. 5. 4. 5. 5. 5. 5. 5. 5. 0.
  5. 3. 5. 4.]
 [4. 5. 5. 4. 5. 5. 5. 4. 5. 4. 4. 5. 4. 5. 5. 4. 5. 5. 5. 5. 4. 4. 4. 5.
  0. 5. 5. 5.]
 [5. 4. 5. 5. 5. 5. 5. 4. 5. 5. 5. 5. 4. 4. 4. 5. 5. 5. 4. 4. 4. 5. 5. 3.
  5. 0. 5. 5.]
 [4. 4. 5. 4. 3. 5. 4. 5. 5. 4. 4. 5. 5. 5. 5. 5. 5. 4. 5. 4. 5. 4. 5. 5.
  5. 5. 0. 5.]
 [5. 5. 4. 4. 5. 5. 5. 5. 5. 5. 5. 4. 5. 5. 5. 5. 5. 5. 5. 5. 5. 5. 5. 4.
  5. 5. 5. 0.]]
Solution:
 [[ 0.01303983]
 [ 0.0016331 ]
 [ 0.01441119]
 [ 0.00538388]
 [ 0.01407876]
 [ 0.01562361]
 [ 0.01556691]
 [ 0.00769279]
 [ 0.00751864]
 [ 0.00572192]
 [-0.00223209]
 [ 0.01433099]
 [ 0.00253639]
 [ 0.01181394]
 [ 0.01422848]
 [ 0.01421411]
 [-0.00799935]
 [ 0.00409968]
 [ 0.00229734]
 [ 0.00532818]
 [ 0.01407829]
 [ 0.00888034]
 [ 0.00656469]
 [ 0.01450887]
 [ 0.00363185]
 [ 0.00108263]
 [ 0.00169203]
 [ 0.00908089]]   0.01562360772475701
______________________________________________________________
Vectors amount:  29
Ham: 
 [[0. 5. 5. 5. 5. 4. 4. 5. 5. 3. 5. 3. 4. 5. 5. 5. 4. 4. 5. 4. 5. 5. 5. 5.
  5. 4. 5. 5. 5.]
 [5. 0. 4. 4. 5. 5. 5. 5. 4. 4. 5. 5. 5. 5. 4. 5. 5. 5. 5. 4. 4. 5. 5. 5.
  5. 4. 5. 4. 5.]
 [5. 4. 0. 5. 5. 5. 4. 5. 4. 5. 5. 4. 5. 4. 5. 5. 5. 5. 4. 5. 4. 5. 5. 4.
  5. 5. 5. 5. 5.]
 [5. 4. 5. 0. 4. 5. 5. 5. 4. 5. 5. 5. 3. 5. 4. 4. 5. 4. 5. 4. 5. 5. 3. 5.
  5. 4. 4. 5. 4.]
 [5. 5. 5. 4. 0. 5. 5. 5. 5. 5. 5. 4. 5. 4. 4. 3. 5. 4. 3. 5. 5. 4. 4. 5.
  5. 4. 5. 4. 3.]
 [4. 5. 5. 5. 5. 0. 5. 4. 5. 5. 5. 4. 5. 5. 5. 5. 5. 5. 5. 4. 5. 4. 4. 5.
  5. 5. 5. 5. 5.]
 [4. 5. 4. 5. 5. 5. 0. 4. 5. 4. 5. 5. 5. 4. 5. 5. 4. 5. 5. 5. 4. 5. 5. 4.
  4. 4. 5. 5. 5.]
 [5. 5. 5. 5. 5. 4. 4. 0. 5. 5. 4. 5. 4. 5. 5. 5. 5. 5. 5. 3. 5. 4. 5. 5.
  5. 5. 5. 5. 5.]
 [5. 4. 4. 4. 5. 5. 5. 5. 0. 5. 5. 5. 4. 4. 5. 5. 5. 5. 4. 5. 5. 5. 5. 5.
  5. 4. 5. 5. 5.]
 [3. 4. 5. 5. 5. 5. 4. 5. 5. 0. 5. 5. 5. 5. 4. 5. 4. 4. 5. 4. 4. 5. 5. 4.
  4. 3. 5. 4. 4.]
 [5. 5. 5. 5. 5. 5. 5. 4. 5. 5. 0. 5. 5. 5. 5. 4. 5. 5. 5. 4. 4. 4. 4. 5.
  4. 5. 5. 5. 5.]
 [3. 5. 4. 5. 4. 4. 5. 5. 5. 5. 5. 0. 4. 5. 5. 5. 4. 5. 4. 5. 5. 5. 5. 5.
  5. 5. 5. 5. 4.]
 [4. 5. 5. 3. 5. 5. 5. 4. 4. 5. 5. 4. 0. 5. 4. 5. 5. 5. 5. 5. 5. 5. 4. 5.
  5. 5. 5. 5. 5.]
 [5. 5. 4. 5. 4. 5. 4. 5. 4. 5. 5. 5. 5. 0. 3. 5. 4. 4. 4. 5. 5. 5. 5. 5.
  3. 5. 5. 4. 5.]
 [5. 4. 5. 4. 4. 5. 5. 5. 5. 4. 5. 5. 4. 3. 0. 5. 5. 5. 5. 5. 4. 5. 4. 5.
  5. 5. 5. 3. 5.]
 [5. 5. 5. 4. 3. 5. 5. 5. 5. 5. 4. 5. 5. 5. 5. 0. 4. 4. 5. 5. 5. 1. 4. 5.
  5. 4. 5. 5. 5.]
 [4. 5. 5. 5. 5. 5. 4. 5. 5. 4. 5. 4. 5. 4. 5. 4. 0. 4. 5. 4. 5. 4. 5. 5.
  4. 4. 5. 5. 5.]
 [4. 5. 5. 4. 4. 5. 5. 5. 5. 4. 5. 5. 5. 4. 5. 4. 4. 0. 5. 4. 5. 5. 4. 4.
  4. 3. 4. 5. 5.]
 [5. 5. 4. 5. 3. 5. 5. 5. 4. 5. 5. 4. 5. 4. 5. 5. 5. 5. 0. 5. 5. 5. 4. 5.
  5. 5. 4. 5. 3.]
 [4. 4. 5. 4. 5. 4. 5. 3. 5. 4. 4. 5. 5. 5. 5. 5. 4. 4. 5. 0. 5. 4. 5. 5.
  5. 4. 5. 5. 5.]
 [5. 4. 4. 5. 5. 5. 4. 5. 5. 4. 4. 5. 5. 5. 4. 5. 5. 5. 5. 5. 0. 5. 5. 4.
  5. 5. 4. 4. 5.]
 [5. 5. 5. 5. 4. 4. 5. 4. 5. 5. 4. 5. 5. 5. 5. 1. 4. 5. 5. 4. 5. 0. 5. 5.
  5. 5. 5. 5. 5.]
 [5. 5. 5. 3. 4. 4. 5. 5. 5. 5. 4. 5. 4. 5. 4. 4. 5. 4. 4. 5. 5. 5. 0. 5.
  4. 4. 5. 5. 5.]
 [5. 5. 4. 5. 5. 5. 4. 5. 5. 4. 5. 5. 5. 5. 5. 5. 5. 4. 5. 5. 4. 5. 5. 0.
  5. 5. 5. 5. 4.]
 [5. 5. 5. 5. 5. 5. 4. 5. 5. 4. 4. 5. 5. 3. 5. 5. 4. 4. 5. 5. 5. 5. 4. 5.
  0. 4. 5. 5. 5.]
 [4. 4. 5. 4. 4. 5. 4. 5. 4. 3. 5. 5. 5. 5. 5. 4. 4. 3. 5. 4. 5. 5. 4. 5.
  4. 0. 5. 5. 5.]
 [5. 5. 5. 4. 5. 5. 5. 5. 5. 5. 5. 5. 5. 5. 5. 5. 5. 4. 4. 5. 4. 5. 5. 5.
  5. 5. 0. 5. 4.]
 [5. 4. 5. 5. 4. 5. 5. 5. 5. 4. 5. 5. 5. 4. 3. 5. 5. 5. 5. 5. 4. 5. 5. 5.
  5. 5. 5. 0. 5.]
 [5. 5. 5. 4. 3. 5. 5. 5. 5. 4. 5. 4. 5. 5. 5. 5. 5. 5. 3. 5. 5. 5. 5. 4.
  5. 5. 4. 5. 0.]]
Solution:
 [[ 0.01061203]
 [ 0.00944136]
 [ 0.00937886]
 [-0.00726555]
 [-0.00264422]
 [ 0.01522723]
 [ 0.00759123]
 [ 0.00947665]
 [ 0.01415437]
 [-0.00907773]
 [ 0.00870415]
 [ 0.00273028]
 [ 0.01224856]
 [-0.00516726]
 [ 0.01454401]
 [ 0.02588104]
 [ 0.00904333]
 [ 0.00243905]
 [ 0.00736139]
 [ 0.00985452]
 [ 0.00280669]
 [-0.01058059]
 [ 0.00205382]
 [ 0.0144705 ]
 [ 0.01726997]
 [ 0.00351366]
 [ 0.0160298 ]
 [ 0.0151672 ]
 [ 0.01479224]]   0.02588103771911303
______________________________________________________________
Vectors amount:  30
Ham: 
 [[0. 5. 5. 5. 5. 5. 4. 3. 5. 5. 5. 4. 4. 3. 4. 5. 4. 5. 5. 5. 5. 4. 5. 5.
  5. 4. 5. 5. 5. 5.]
 [5. 0. 4. 4. 5. 5. 5. 5. 5. 5. 5. 5. 5. 5. 4. 4. 3. 3. 5. 5. 3. 5. 4. 5.
  5. 5. 4. 4. 5. 5.]
 [5. 4. 0. 5. 5. 4. 4. 5. 5. 5. 5. 5. 5. 5. 3. 5. 5. 5. 3. 5. 5. 5. 5. 4.
  4. 4. 3. 4. 5. 5.]
 [5. 4. 5. 0. 5. 5. 5. 5. 4. 5. 5. 5. 5. 5. 4. 4. 5. 3. 5. 5. 5. 5. 5. 3.
  4. 4. 5. 5. 5. 4.]
 [5. 5. 5. 5. 0. 5. 5. 5. 5. 5. 4. 5. 5. 5. 5. 5. 5. 5. 5. 3. 5. 5. 3. 5.
  5. 5. 5. 5. 5. 4.]
 [5. 5. 4. 5. 5. 0. 5. 5. 5. 5. 5. 4. 5. 5. 5. 5. 4. 5. 4. 5. 4. 5. 5. 5.
  5. 5. 3. 4. 4. 5.]
 [4. 5. 4. 5. 5. 5. 0. 5. 4. 4. 5. 3. 5. 4. 5. 5. 4. 4. 3. 5. 5. 5. 5. 5.
  5. 5. 5. 5. 4. 5.]
 [3. 5. 5. 5. 5. 5. 5. 0. 5. 4. 5. 5. 4. 4. 4. 5. 4. 5. 5. 5. 5. 5. 5. 5.
  5. 4. 5. 3. 4. 5.]
 [5. 5. 5. 4. 5. 5. 4. 5. 0. 4. 5. 5. 5. 5. 4. 4. 4. 3. 4. 4. 5. 5. 5. 5.
  4. 5. 5. 5. 3. 5.]
 [5. 5. 5. 5. 5. 5. 4. 4. 4. 0. 5. 5. 5. 5. 5. 4. 5. 5. 5. 5. 5. 5. 5. 5.
  5. 5. 4. 4. 4. 5.]
 [5. 5. 5. 5. 4. 5. 5. 5. 5. 5. 0. 5. 4. 5. 4. 5. 5. 5. 5. 5. 4. 4. 3. 4.
  5. 5. 5. 5. 5. 4.]
 [4. 5. 5. 5. 5. 4. 3. 5. 5. 5. 5. 0. 5. 3. 5. 5. 5. 5. 5. 5. 5. 5. 5. 5.
  5. 5. 5. 5. 5. 5.]
 [4. 5. 5. 5. 5. 5. 5. 4. 5. 5. 4. 5. 0. 3. 4. 5. 5. 5. 4. 5. 3. 4. 3. 5.
  4. 3. 5. 5. 5. 5.]
 [3. 5. 5. 5. 5. 5. 4. 4. 5. 5. 5. 3. 3. 0. 4. 5. 5. 5. 5. 5. 5. 5. 4. 5.
  5. 4. 5. 5. 5. 5.]
 [4. 4. 3. 4. 5. 5. 5. 4. 4. 5. 4. 5. 4. 4. 0. 5. 5. 4. 5. 5. 5. 5. 5. 4.
  4. 4. 4. 4. 5. 5.]
 [5. 4. 5. 4. 5. 5. 5. 5. 4. 4. 5. 5. 5. 5. 5. 0. 5. 4. 5. 5. 5. 5. 5. 5.
  3. 5. 5. 5. 4. 5.]
 [4. 3. 5. 5. 5. 4. 4. 4. 4. 5. 5. 5. 5. 5. 5. 5. 0. 3. 4. 5. 3. 5. 4. 5.
  5. 5. 4. 5. 4. 5.]
 [5. 3. 5. 3. 5. 5. 4. 5. 3. 5. 5. 5. 5. 5. 4. 4. 3. 0. 4. 5. 4. 5. 4. 5.
  5. 5. 5. 5. 4. 5.]
 [5. 5. 3. 5. 5. 4. 3. 5. 4. 5. 5. 5. 4. 5. 5. 5. 4. 4. 0. 5. 5. 5. 5. 5.
  5. 4. 4. 5. 4. 5.]
 [5. 5. 5. 5. 3. 5. 5. 5. 4. 5. 5. 5. 5. 5. 5. 5. 5. 5. 5. 0. 5. 5. 4. 5.
  5. 5. 5. 5. 5. 5.]
 [5. 3. 5. 5. 5. 4. 5. 5. 5. 5. 4. 5. 3. 5. 5. 5. 3. 4. 5. 5. 0. 4. 3. 5.
  4. 5. 4. 5. 5. 5.]
 [4. 5. 5. 5. 5. 5. 5. 5. 5. 5. 4. 5. 4. 5. 5. 5. 5. 5. 5. 5. 4. 0. 4. 5.
  5. 5. 4. 5. 4. 5.]
 [5. 4. 5. 5. 3. 5. 5. 5. 5. 5. 3. 5. 3. 4. 5. 5. 4. 4. 5. 4. 3. 4. 0. 5.
  5. 5. 5. 5. 5. 4.]
 [5. 5. 4. 3. 5. 5. 5. 5. 5. 5. 4. 5. 5. 5. 4. 5. 5. 5. 5. 5. 5. 5. 5. 0.
  3. 4. 5. 5. 5. 4.]
 [5. 5. 4. 4. 5. 5. 5. 5. 4. 5. 5. 5. 4. 5. 4. 3. 5. 5. 5. 5. 4. 5. 5. 3.
  0. 5. 5. 5. 4. 5.]
 [4. 5. 4. 4. 5. 5. 5. 4. 5. 5. 5. 5. 3. 4. 4. 5. 5. 5. 4. 5. 5. 5. 5. 4.
  5. 0. 5. 5. 5. 4.]
 [5. 4. 3. 5. 5. 3. 5. 5. 5. 4. 5. 5. 5. 5. 4. 5. 4. 5. 4. 5. 4. 4. 5. 5.
  5. 5. 0. 4. 5. 5.]
 [5. 4. 4. 5. 5. 4. 5. 3. 5. 4. 5. 5. 5. 5. 4. 5. 5. 5. 5. 5. 5. 5. 5. 5.
  5. 5. 4. 0. 3. 5.]
 [5. 5. 5. 5. 5. 4. 4. 4. 3. 4. 5. 5. 5. 5. 5. 4. 4. 4. 4. 5. 5. 4. 5. 5.
  4. 5. 5. 3. 0. 5.]
 [5. 5. 5. 4. 4. 5. 5. 5. 5. 5. 4. 5. 5. 5. 5. 5. 5. 5. 5. 5. 5. 5. 4. 4.
  5. 4. 5. 5. 5. 0.]]
Solution:
 [[ 0.00282052]
 [ 0.00843947]
 [ 0.00515871]
 [ 0.00302478]
 [ 0.01235388]
 [ 0.01215061]
 [ 0.00097581]
 [ 0.00670959]
 [ 0.00487279]
 [ 0.01541979]
 [ 0.01295543]
 [ 0.01153726]
 [ 0.00124789]
 [ 0.01331917]
 [-0.00194873]
 [ 0.00859641]
 [ 0.00760291]
 [ 0.0096221 ]
 [ 0.01125476]
 [ 0.01631785]
 [ 0.00433287]
 [ 0.02004616]
 [-0.00992242]
 [ 0.00655133]
 [ 0.01245906]
 [ 0.00762596]
 [-0.002386  ]
 [ 0.01341155]
 [-0.0080317 ]
 [ 0.01373168]]   0.02004615936371814
______________________________________________________________
Vectors amount:  31
Ham: 
 [[0. 5. 4. 5. 5. 5. 5. 4. 5. 4. 4. 5. 4. 5. 5. 5. 4. 5. 5. 5. 4. 5. 5. 4.
  5. 4. 5. 4. 5. 4. 5.]
 [5. 0. 5. 4. 5. 4. 5. 5. 4. 5. 5. 5. 5. 4. 5. 5. 5. 4. 5. 5. 5. 4. 5. 5.
  5. 4. 4. 5. 5. 5. 4.]
 [4. 5. 0. 5. 5. 5. 5. 3. 4. 5. 5. 5. 5. 5. 5. 4. 4. 5. 5. 5. 4. 4. 4. 5.
  5. 5. 5. 5. 4. 5. 5.]
 [5. 4. 5. 0. 4. 4. 3. 5. 4. 5. 5. 4. 5. 5. 5. 5. 5. 2. 5. 3. 4. 4. 5. 5.
  5. 5. 5. 5. 3. 5. 4.]
 [5. 5. 5. 4. 0. 3. 4. 5. 4. 5. 5. 4. 4. 4. 5. 4. 5. 4. 5. 3. 5. 4. 5. 5.
  5. 5. 4. 5. 3. 5. 4.]
 [5. 4. 5. 4. 3. 0. 4. 5. 4. 5. 5. 5. 4. 4. 5. 5. 5. 4. 5. 3. 5. 3. 5. 5.
  4. 5. 4. 5. 2. 5. 5.]
 [5. 5. 5. 3. 4. 4. 0. 5. 4. 5. 5. 4. 5. 4. 5. 5. 5. 4. 5. 3. 4. 4. 5. 5.
  5. 4. 5. 5. 4. 3. 5.]
 [4. 5. 3. 5. 5. 5. 5. 0. 5. 5. 5. 5. 5. 5. 5. 5. 3. 5. 5. 5. 5. 5. 4. 5.
  5. 5. 5. 5. 5. 5. 4.]
 [5. 4. 4. 4. 4. 4. 4. 5. 0. 4. 5. 5. 5. 3. 4. 5. 4. 4. 5. 4. 5. 4. 4. 5.
  5. 4. 4. 4. 4. 5. 4.]
 [4. 5. 5. 5. 5. 5. 5. 5. 4. 0. 4. 5. 5. 5. 5. 4. 5. 4. 5. 5. 4. 5. 4. 5.
  5. 4. 5. 4. 5. 4. 5.]
 [4. 5. 5. 5. 5. 5. 5. 5. 5. 4. 0. 4. 5. 4. 4. 5. 5. 5. 4. 4. 4. 5. 4. 5.
  5. 5. 5. 5. 5. 4. 5.]
 [5. 5. 5. 4. 4. 5. 4. 5. 5. 5. 4. 0. 5. 5. 4. 5. 4. 5. 5. 3. 4. 5. 5. 5.
  5. 5. 5. 4. 5. 5. 4.]
 [4. 5. 5. 5. 4. 4. 5. 5. 5. 5. 5. 5. 0. 4. 5. 4. 5. 5. 5. 3. 5. 5. 5. 4.
  4. 3. 4. 4. 4. 5. 5.]
 [5. 4. 5. 5. 4. 4. 4. 5. 3. 5. 4. 5. 4. 0. 4. 5. 4. 5. 4. 4. 5. 5. 5. 5.
  5. 5. 4. 5. 4. 4. 4.]
 [5. 5. 5. 5. 5. 5. 5. 5. 4. 5. 4. 4. 5. 4. 0. 5. 4. 5. 4. 4. 5. 5. 4. 5.
  5. 5. 5. 4. 5. 4. 4.]
 [5. 5. 4. 5. 4. 5. 5. 5. 5. 4. 5. 5. 4. 5. 5. 0. 5. 4. 5. 5. 5. 5. 4. 5.
  4. 5. 4. 4. 4. 5. 5.]
 [4. 5. 4. 5. 5. 5. 5. 3. 4. 5. 5. 4. 5. 4. 4. 5. 0. 5. 4. 5. 5. 5. 5. 5.
  5. 5. 5. 4. 5. 5. 4.]
 [5. 4. 5. 2. 4. 4. 4. 5. 4. 4. 5. 5. 5. 5. 5. 4. 5. 0. 5. 4. 5. 4. 5. 5.
  5. 5. 5. 5. 4. 5. 4.]
 [5. 5. 5. 5. 5. 5. 5. 5. 5. 5. 4. 5. 5. 4. 4. 5. 4. 5. 0. 5. 4. 5. 5. 4.
  5. 5. 5. 5. 5. 5. 5.]
 [5. 5. 5. 3. 3. 3. 3. 5. 4. 5. 4. 3. 3. 4. 4. 5. 5. 4. 5. 0. 4. 4. 5. 5.
  5. 4. 5. 5. 3. 5. 5.]
 [4. 5. 4. 4. 5. 5. 4. 5. 5. 4. 4. 4. 5. 5. 5. 5. 5. 5. 4. 4. 0. 4. 5. 3.
  5. 5. 5. 5. 5. 4. 5.]
 [5. 4. 4. 4. 4. 3. 4. 5. 4. 5. 5. 5. 5. 5. 5. 5. 5. 4. 5. 4. 4. 0. 5. 5.
  5. 5. 4. 5. 4. 5. 5.]
 [5. 5. 4. 5. 5. 5. 5. 4. 4. 4. 4. 5. 5. 5. 4. 4. 5. 5. 5. 5. 5. 5. 0. 5.
  5. 4. 5. 2. 5. 5. 5.]
 [4. 5. 5. 5. 5. 5. 5. 5. 5. 5. 5. 5. 4. 5. 5. 5. 5. 5. 4. 5. 3. 5. 5. 0.
  4. 4. 5. 4. 5. 5. 5.]
 [5. 5. 5. 5. 5. 4. 5. 5. 5. 5. 5. 5. 4. 5. 5. 4. 5. 5. 5. 5. 5. 5. 5. 4.
  0. 5. 3. 5. 4. 5. 5.]
 [4. 4. 5. 5. 5. 5. 4. 5. 4. 4. 5. 5. 3. 5. 5. 5. 5. 5. 5. 4. 5. 5. 4. 4.
  5. 0. 5. 3. 5. 5. 4.]
 [5. 4. 5. 5. 4. 4. 5. 5. 4. 5. 5. 5. 4. 4. 5. 4. 5. 5. 5. 5. 5. 4. 5. 5.
  3. 5. 0. 5. 4. 5. 5.]
 [4. 5. 5. 5. 5. 5. 5. 5. 4. 4. 5. 4. 4. 5. 4. 4. 4. 5. 5. 5. 5. 5. 2. 4.
  5. 3. 5. 0. 5. 5. 5.]
 [5. 5. 4. 3. 3. 2. 4. 5. 4. 5. 5. 5. 4. 4. 5. 4. 5. 4. 5. 3. 5. 4. 5. 5.
  4. 5. 4. 5. 0. 5. 5.]
 [4. 5. 5. 5. 5. 5. 3. 5. 5. 4. 4. 5. 5. 4. 4. 5. 5. 5. 5. 5. 4. 5. 5. 5.
  5. 5. 5. 5. 5. 0. 5.]
 [5. 4. 5. 4. 4. 5. 5. 4. 4. 5. 5. 4. 5. 4. 4. 5. 4. 4. 5. 5. 5. 5. 5. 5.
  5. 4. 5. 5. 5. 5. 0.]]
Solution:
 [[ 0.00529271]
 [ 0.01174801]
 [ 0.00883065]
 [ 0.00800917]
 [ 0.00683665]
 [ 0.0036189 ]
 [ 0.00546033]
 [ 0.0117247 ]
 [-0.00184541]
 [ 0.01189667]
 [ 0.00649985]
 [ 0.01767337]
 [ 0.01043403]
 [ 0.00444624]
 [ 0.00947036]
 [ 0.00749137]
 [ 0.00572543]
 [ 0.00594788]
 [ 0.01440866]
 [-0.00885798]
 [-0.00229957]
 [ 0.01192399]
 [ 0.01230037]
 [ 0.01359526]
 [ 0.01200878]
 [ 0.00898389]
 [ 0.00550404]
 [-0.00502437]
 [ 0.00328931]
 [ 0.01265079]
 [ 0.00415211]]   0.017673370952531752
______________________________________________________________
Vectors amount:  32
Ham: 
 [[0. 5. 4. ... 5. 5. 5.]
 [5. 0. 5. ... 5. 5. 5.]
 [4. 5. 0. ... 4. 5. 5.]
 ...
 [5. 5. 4. ... 0. 4. 4.]
 [5. 5. 5. ... 4. 0. 4.]
 [5. 5. 5. ... 4. 4. 0.]]
Solution:
 [[ 0.00145689]
 [ 0.00959494]
 [ 0.00640421]
 [ 0.00591855]
 [-0.00487699]
 [ 0.01733565]
 [ 0.00904685]
 [-0.00382534]
 [ 0.00896182]
 [ 0.00364231]
 [ 0.00123094]
 [ 0.01596727]
 [ 0.00955425]
 [ 0.01032959]
 [ 0.00295524]
 [ 0.00897912]
 [ 0.00856966]
 [ 0.00275324]
 [ 0.01223983]
 [ 0.00207286]
 [ 0.0112579 ]
 [ 0.00907093]
 [ 0.01439556]
 [ 0.00907972]
 [ 0.00334418]
 [ 0.0047509 ]
 [ 0.00436951]
 [ 0.00453585]
 [ 0.0125451 ]
 [ 0.008054  ]
 [ 0.00782407]
 [ 0.00100839]]   0.01733565295777317
______________________________________________________________
Vectors amount:  33
Ham: 
 [[0. 5. 5. ... 5. 5. 5.]
 [5. 0. 5. ... 4. 5. 4.]
 [5. 5. 0. ... 5. 5. 5.]
 ...
 [5. 4. 5. ... 0. 4. 5.]
 [5. 5. 5. ... 4. 0. 5.]
 [5. 4. 5. ... 5. 5. 0.]]
Solution:
 [[ 0.00647951]
 [ 0.00663285]
 [ 0.01245745]
 [ 0.0068834 ]
 [ 0.00387122]
 [-0.00087591]
 [ 0.0048842 ]
 [-0.0051509 ]
 [ 0.00653732]
 [ 0.01508123]
 [ 0.01213042]
 [ 0.00504524]
 [-0.00068486]
 [ 0.00547254]
 [ 0.01695705]
 [ 0.01130247]
 [ 0.00530066]
 [ 0.0105718 ]
 [ 0.00878677]
 [ 0.01579315]
 [ 0.00605187]
 [ 0.00416301]
 [ 0.00705628]
 [ 0.00730882]
 [ 0.00934574]
 [-0.00157142]
 [ 0.00776753]
 [ 0.00393827]
 [ 0.00780737]
 [-0.00831908]
 [ 0.01305024]
 [ 0.0017732 ]
 [ 0.01216951]]   0.01695704638743935
______________________________________________________________
Vectors amount:  34
Ham: 
 [[0. 5. 4. ... 4. 5. 5.]
 [5. 0. 4. ... 5. 4. 5.]
 [4. 4. 0. ... 5. 5. 5.]
 ...
 [4. 5. 5. ... 0. 5. 5.]
 [5. 4. 5. ... 5. 0. 5.]
 [5. 5. 5. ... 5. 5. 0.]]
Solution:
 [[-0.01348676]
 [ 0.00645463]
 [ 0.01315277]
 [-0.01259849]
 [-0.00749666]
 [ 0.00937856]
 [ 0.00610142]
 [ 0.01583692]
 [ 0.01042598]
 [ 0.01037361]
 [ 0.01812262]
 [ 0.0010914 ]
 [ 0.01418162]
 [ 0.00163035]
 [ 0.00726233]
 [-0.00980016]
 [ 0.01388708]
 [ 0.01823804]
 [ 0.00405321]
 [ 0.01002725]
 [-0.00029411]
 [ 0.01291544]
 [ 0.00191569]
 [ 0.00378704]
 [ 0.00148026]
 [ 0.01311827]
 [-0.00490958]
 [-0.0025989 ]
 [ 0.01250976]
 [ 0.01581641]
 [ 0.01697127]
 [ 0.02688368]
 [-0.00952807]
 [ 0.01385784]]   0.026883677048937085
______________________________________________________________
Vectors amount:  35
Ham: 
 [[0. 5. 5. ... 4. 5. 5.]
 [5. 0. 5. ... 5. 5. 5.]
 [5. 5. 0. ... 4. 4. 4.]
 ...
 [4. 5. 4. ... 0. 5. 4.]
 [5. 5. 4. ... 5. 0. 5.]
 [5. 5. 4. ... 4. 5. 0.]]
Solution:
 [[ 7.71133671e-03]
 [ 8.08870611e-03]
 [-5.17975571e-04]
 [ 1.08718111e-02]
 [ 3.73269937e-03]
 [ 4.80535138e-03]
 [ 6.92348947e-04]
 [ 5.40393960e-03]
 [ 6.96183015e-03]
 [ 7.00828072e-03]
 [ 1.03577025e-02]
 [ 4.67743237e-03]
 [ 5.18437705e-03]
 [ 3.77231108e-03]
 [ 8.99210202e-03]
 [ 1.14297647e-02]
 [ 1.03162534e-02]
 [ 6.65941989e-03]
 [ 8.77540601e-03]
 [ 3.89584163e-03]
 [ 7.84721555e-03]
 [ 9.29945657e-03]
 [ 3.77433421e-05]
 [ 5.84081826e-03]
 [ 2.21746772e-04]
 [ 7.04319265e-03]
 [ 1.06588170e-02]
 [ 1.37530245e-03]
 [ 5.18653562e-03]
 [ 4.72683591e-03]
 [ 1.90226085e-03]
 [ 6.26733235e-03]
 [ 7.65273624e-03]
 [ 1.38461996e-02]
 [ 6.34778223e-03]]   0.013846199593498825
______________________________________________________________
Vectors amount:  36
Ham: 
 [[0. 5. 5. ... 5. 5. 5.]
 [5. 0. 5. ... 5. 5. 5.]
 [5. 5. 0. ... 4. 4. 4.]
 ...
 [5. 5. 4. ... 0. 5. 4.]
 [5. 5. 4. ... 5. 0. 3.]
 [5. 5. 4. ... 4. 3. 0.]]
Solution:
 [[ 0.01206011]
 [ 0.00370816]
 [ 0.00630821]
 [ 0.01331131]
 [ 0.00707853]
 [ 0.01726556]
 [ 0.00096983]
 [ 0.00195341]
 [ 0.00702763]
 [ 0.01046305]
 [ 0.00733867]
 [ 0.01402401]
 [ 0.00040317]
 [-0.00583853]
 [-0.00707424]
 [-0.00042457]
 [ 0.01080412]
 [ 0.01308678]
 [-0.00074888]
 [ 0.00717829]
 [ 0.00403233]
 [ 0.00652117]
 [-0.00595185]
 [ 0.00377075]
 [ 0.01186525]
 [ 0.00329667]
 [-0.00275928]
 [ 0.01258475]
 [ 0.00523548]
 [ 0.01040376]
 [ 0.00707328]
 [ 0.00819772]
 [ 0.01057179]
 [ 0.00857117]
 [ 0.00663923]
 [ 0.00850742]]   0.017265559406785515
______________________________________________________________
Vectors amount:  37
Ham: 
 [[0. 5. 5. ... 5. 5. 5.]
 [5. 0. 5. ... 5. 4. 5.]
 [5. 5. 0. ... 5. 5. 4.]
 ...
 [5. 5. 5. ... 0. 5. 4.]
 [5. 4. 5. ... 5. 0. 5.]
 [5. 5. 4. ... 4. 5. 0.]]
Solution:
 [[ 7.45999630e-03]
 [-8.49915474e-04]
 [-4.41501351e-05]
 [ 1.10077845e-02]
 [ 7.78190504e-03]
 [ 1.60433224e-02]
 [ 9.20346560e-03]
 [-2.33332419e-04]
 [ 8.47388224e-03]
 [ 1.08710652e-02]
 [ 1.22132814e-02]
 [ 1.07940827e-02]
 [ 1.27256630e-02]
 [ 9.34844592e-03]
 [ 7.09228493e-03]
 [ 1.12074972e-02]
 [ 3.89490196e-03]
 [ 3.28765029e-03]
 [ 1.27115165e-03]
 [-1.48157412e-03]
 [ 5.88319846e-03]
 [-3.98553011e-03]
 [ 2.04346459e-04]
 [ 2.42090819e-03]
 [-6.72265568e-03]
 [ 3.92378733e-04]
 [-3.91413438e-03]
 [ 9.73342636e-03]
 [ 6.83880916e-03]
 [-3.24479890e-03]
 [ 1.87422298e-02]
 [ 1.01852210e-02]
 [ 4.90209875e-03]
 [ 2.53359897e-03]
 [ 1.00464041e-02]
 [ 1.13029625e-02]
 [ 1.21437601e-02]]   0.01874222982602432
______________________________________________________________
Vectors amount:  38
Ham: 
 [[0. 5. 4. ... 5. 5. 5.]
 [5. 0. 4. ... 5. 5. 5.]
 [4. 4. 0. ... 4. 5. 3.]
 ...
 [5. 5. 4. ... 0. 5. 3.]
 [5. 5. 5. ... 5. 0. 5.]
 [5. 5. 3. ... 3. 5. 0.]]
Solution:
 [[ 9.30571464e-03]
 [ 8.91387160e-03]
 [ 6.96906195e-05]
 [ 8.93011692e-04]
 [ 6.29922771e-03]
 [ 8.21798953e-03]
 [ 3.05839159e-03]
 [ 1.86260263e-03]
 [ 3.68300524e-03]
 [-1.22937576e-03]
 [ 1.80768734e-03]
 [-5.19789185e-03]
 [ 7.40407376e-03]
 [ 1.06435267e-02]
 [-1.71954107e-04]
 [ 9.33915103e-03]
 [ 6.94612169e-03]
 [ 1.14311716e-03]
 [-2.03624158e-03]
 [ 7.55394415e-03]
 [ 4.57626579e-03]
 [ 7.61872819e-03]
 [ 8.85191668e-03]
 [ 1.38182880e-02]
 [ 8.24571812e-03]
 [ 4.62892760e-03]
 [ 9.07013313e-03]
 [ 1.27651817e-02]
 [ 8.48557134e-03]
 [ 5.22891518e-03]
 [ 6.02846728e-03]
 [ 1.00715989e-02]
 [-2.77833161e-03]
 [ 1.73394691e-02]
 [ 8.35468242e-03]
 [ 1.33883055e-02]
 [ 7.46978263e-03]
 [-4.85489744e-03]]   0.017339469109247472
______________________________________________________________
Vectors amount:  39
Ham: 
 [[0. 5. 5. ... 4. 5. 5.]
 [5. 0. 5. ... 5. 5. 5.]
 [5. 5. 0. ... 5. 4. 5.]
 ...
 [4. 5. 5. ... 0. 3. 5.]
 [5. 5. 4. ... 3. 0. 5.]
 [5. 5. 5. ... 5. 5. 0.]]
Solution:
 [[ 0.00861074]
 [ 0.00941468]
 [ 0.01033338]
 [ 0.00519932]
 [ 0.00796006]
 [ 0.00780296]
 [ 0.00469889]
 [ 0.01640004]
 [ 0.00069106]
 [ 0.00835357]
 [-0.00249954]
 [ 0.00710705]
 [-0.00057812]
 [ 0.00998439]
 [ 0.00301162]
 [ 0.00434122]
 [ 0.00366402]
 [-0.00919174]
 [ 0.0125774 ]
 [ 0.0049062 ]
 [ 0.00538423]
 [ 0.00600761]
 [ 0.01038449]
 [ 0.00949293]
 [ 0.00918516]
 [-0.00429526]
 [ 0.00956159]
 [ 0.00599653]
 [-0.00199588]
 [ 0.00092479]
 [ 0.01470128]
 [ 0.00333383]
 [ 0.00356936]
 [ 0.00716304]
 [ 0.00626487]
 [ 0.00669404]
 [ 0.01154051]
 [ 0.00405566]
 [-0.00190782]]   0.01640004343460136
______________________________________________________________
Vectors amount:  40
Ham: 
 [[0. 5. 5. ... 3. 5. 5.]
 [5. 0. 5. ... 4. 5. 5.]
 [5. 5. 0. ... 4. 5. 5.]
 ...
 [3. 4. 4. ... 0. 5. 5.]
 [5. 5. 5. ... 5. 0. 5.]
 [5. 5. 5. ... 5. 5. 0.]]
Solution:
 [[-0.00768068]
 [-0.00272446]
 [-0.00317629]
 [ 0.00188549]
 [ 0.01104631]
 [ 0.01569734]
 [ 0.00705845]
 [ 0.01338027]
 [ 0.00578335]
 [-0.00752599]
 [ 0.01835222]
 [ 0.00205897]
 [ 0.01027875]
 [-0.02510492]
 [ 0.00072787]
 [ 0.00439142]
 [ 0.00373078]
 [ 0.01436467]
 [-0.00193534]
 [ 0.01464076]
 [-0.00225732]
 [-0.00318726]
 [-0.00048669]
 [ 0.00988081]
 [ 0.00858748]
 [ 0.01243522]
 [ 0.01024935]
 [ 0.00868449]
 [ 0.01147903]
 [ 0.00425103]
 [ 0.0134283 ]
 [ 0.00731018]
 [ 0.00647935]
 [ 0.00330276]
 [ 0.00681659]
 [-0.00960993]
 [ 0.0202996 ]
 [ 0.01533064]
 [ 0.01269653]
 [ 0.00639207]]   0.020299597644012787
______________________________________________________________
Vectors amount:  41
Ham: 
 [[0. 5. 5. ... 5. 5. 4.]
 [5. 0. 4. ... 5. 4. 5.]
 [5. 4. 0. ... 5. 5. 5.]
 ...
 [5. 5. 5. ... 0. 5. 5.]
 [5. 4. 5. ... 5. 0. 4.]
 [4. 5. 5. ... 5. 4. 0.]]
Solution:
 [[ 0.00775119]
 [ 0.00854247]
 [ 0.01190199]
 [-0.00233845]
 [ 0.01281767]
 [ 0.00139519]
 [ 0.01504399]
 [ 0.00797408]
 [ 0.01201559]
 [-0.0029449 ]
 [-0.00140753]
 [ 0.00867779]
 [ 0.01263527]
 [-0.00504004]
 [-0.00499904]
 [ 0.01839002]
 [ 0.00870743]
 [ 0.01708973]
 [ 0.00644118]
 [-0.00435623]
 [ 0.00172719]
 [ 0.00469268]
 [ 0.01158143]
 [-0.00178016]
 [ 0.01144431]
 [-0.00109838]
 [-0.00523116]
 [-0.02733366]
 [ 0.00368422]
 [ 0.01982445]
 [ 0.01220487]
 [ 0.01084195]
 [ 0.00229239]
 [ 0.00971828]
 [ 0.01113102]
 [ 0.00486611]
 [ 0.00416971]
 [ 0.00910701]
 [ 0.00263501]
 [ 0.00115257]
 [ 0.00237541]]   0.019824453483309558
______________________________________________________________
Vectors amount:  42
Ham: 
 [[0. 4. 5. ... 5. 4. 5.]
 [4. 0. 5. ... 5. 5. 5.]
 [5. 5. 0. ... 5. 4. 5.]
 ...
 [5. 5. 5. ... 0. 5. 5.]
 [4. 5. 4. ... 5. 0. 5.]
 [5. 5. 5. ... 5. 5. 0.]]
Solution:
 [[ 6.45052924e-03]
 [ 8.11778100e-03]
 [ 5.92192312e-03]
 [ 5.77044873e-03]
 [ 3.24172244e-03]
 [ 9.69673092e-03]
 [ 1.03483126e-03]
 [ 1.23133376e-02]
 [ 1.04992406e-02]
 [ 6.55110507e-03]
 [ 3.58608685e-03]
 [ 6.91391061e-03]
 [ 5.68204364e-03]
 [ 5.43568808e-03]
 [ 2.50305253e-03]
 [ 6.07930844e-03]
 [ 8.38218448e-03]
 [-1.38836885e-04]
 [ 4.90538500e-03]
 [ 5.21932417e-03]
 [ 5.59718532e-03]
 [ 9.54004421e-03]
 [-2.12458517e-03]
 [-2.33410147e-03]
 [ 9.17979713e-03]
 [ 1.11334798e-02]
 [ 4.67838240e-03]
 [ 1.67055235e-03]
 [ 9.94569524e-05]
 [ 3.49354449e-03]
 [ 5.67159247e-03]
 [ 8.29080689e-03]
 [ 2.54160079e-04]
 [-1.76643683e-03]
 [ 1.06575554e-02]
 [ 7.56411937e-03]
 [ 5.16178497e-03]
 [-5.38479185e-03]
 [ 5.55465417e-03]
 [ 8.87410003e-03]
 [ 9.75480242e-03]
 [ 3.38860690e-03]]   0.012313337604351554
______________________________________________________________
Vectors amount:  43
Ham: 
 [[0. 5. 5. ... 5. 5. 5.]
 [5. 0. 5. ... 5. 5. 5.]
 [5. 5. 0. ... 4. 4. 3.]
 ...
 [5. 5. 4. ... 0. 5. 5.]
 [5. 5. 4. ... 5. 0. 4.]
 [5. 5. 3. ... 5. 4. 0.]]
Solution:
 [[ 0.00855756]
 [ 0.00361899]
 [ 0.00323002]
 [ 0.00299415]
 [ 0.0047195 ]
 [-0.0025499 ]
 [ 0.00954146]
 [ 0.00486852]
 [ 0.00429173]
 [ 0.00363117]
 [ 0.01351412]
 [ 0.00740609]
 [ 0.01003354]
 [ 0.01058117]
 [ 0.01741504]
 [ 0.00824551]
 [ 0.0111239 ]
 [ 0.00767781]
 [-0.00074091]
 [ 0.00016265]
 [-0.00227192]
 [ 0.00365125]
 [ 0.00219335]
 [ 0.00576711]
 [ 0.00099174]
 [ 0.0056625 ]
 [-0.00338733]
 [ 0.01645057]
 [ 0.00674927]
 [ 0.00548208]
 [ 0.00531984]
 [ 0.00018545]
 [ 0.01345548]
 [ 0.00345953]
 [ 0.00275285]
 [ 0.00623352]
 [-0.0030104 ]
 [ 0.00994889]
 [-0.00090837]
 [-0.00185715]
 [-0.00841242]
 [ 0.00607264]
 [ 0.01445987]]   0.017415043306308768
______________________________________________________________
Vectors amount:  44
Ham: 
 [[0. 5. 4. ... 5. 4. 4.]
 [5. 0. 5. ... 5. 4. 5.]
 [4. 5. 0. ... 4. 5. 4.]
 ...
 [5. 5. 4. ... 0. 5. 5.]
 [4. 4. 5. ... 5. 0. 5.]
 [4. 5. 4. ... 5. 5. 0.]]
Solution:
 [[ 9.93310798e-03]
 [ 1.28759916e-02]
 [ 1.73834835e-03]
 [ 9.07125473e-03]
 [-3.12036043e-03]
 [-4.94140574e-03]
 [ 9.75249015e-03]
 [-5.20682305e-04]
 [ 8.87404654e-03]
 [ 1.51439452e-02]
 [ 1.42242932e-02]
 [ 2.13216193e-03]
 [ 1.14971417e-02]
 [ 1.44167759e-02]
 [-5.75487819e-03]
 [ 1.64015072e-03]
 [ 1.05359735e-03]
 [ 1.00312657e-02]
 [ 7.03973251e-03]
 [ 1.58983824e-03]
 [ 5.13122723e-05]
 [-5.53044681e-03]
 [ 1.62821683e-02]
 [ 1.36740773e-02]
 [ 1.84511342e-03]
 [ 1.01830957e-03]
 [-1.80648039e-03]
 [ 9.20274108e-03]
 [ 6.84899375e-03]
 [ 1.34297845e-02]
 [ 9.50419443e-03]
 [ 3.29692148e-04]
 [ 4.86717986e-03]
 [-6.10949954e-03]
 [ 5.88879382e-04]
 [ 7.20401194e-04]
 [ 9.90480136e-04]
 [ 9.52675738e-03]
 [-3.60587042e-04]
 [ 1.34920938e-02]
 [ 6.51026956e-03]
 [ 7.47173509e-03]
 [-6.12972379e-04]
 [-2.00072435e-03]]   0.016282168250363886
______________________________________________________________
Vectors amount:  45
Ham: 
 [[0. 5. 5. ... 4. 5. 5.]
 [5. 0. 5. ... 5. 4. 5.]
 [5. 5. 0. ... 4. 5. 5.]
 ...
 [4. 5. 4. ... 0. 5. 5.]
 [5. 4. 5. ... 5. 0. 5.]
 [5. 5. 5. ... 5. 5. 0.]]
Solution:
 [[ 0.00253383]
 [-0.00486586]
 [ 0.01435603]
 [-0.00475714]
 [ 0.00105174]
 [ 0.01231607]
 [ 0.00557248]
 [ 0.01077624]
 [ 0.01368752]
 [ 0.00068574]
 [ 0.00528464]
 [ 0.01066522]
 [ 0.00309437]
 [ 0.00080634]
 [ 0.00801355]
 [ 0.01358268]
 [ 0.00454206]
 [ 0.01139414]
 [ 0.00744098]
 [ 0.00750411]
 [-0.00258399]
 [ 0.00888177]
 [ 0.00786778]
 [-0.00027589]
 [-0.00275395]
 [ 0.00059888]
 [-0.00446905]
 [-0.00270025]
 [ 0.00871835]
 [-0.00393031]
 [ 0.00149606]
 [-0.00222611]
 [ 0.00895612]
 [-0.0001904 ]
 [ 0.0112345 ]
 [ 0.00262739]
 [ 0.00717133]
 [-0.00081455]
 [ 0.01359437]
 [ 0.0120664 ]
 [ 0.00664501]
 [ 0.0005711 ]
 [ 0.00780131]
 [ 0.00528472]
 [ 0.00876221]]   0.01435602748139379
______________________________________________________________
Vectors amount:  46
Ham: 
 [[0. 5. 5. ... 5. 5. 4.]
 [5. 0. 4. ... 4. 4. 5.]
 [5. 4. 0. ... 5. 3. 4.]
 ...
 [5. 4. 5. ... 0. 5. 5.]
 [5. 4. 3. ... 5. 0. 5.]
 [4. 5. 4. ... 5. 5. 0.]]
Solution:
 [[ 8.05239967e-03]
 [ 6.76125135e-03]
 [ 4.45664898e-03]
 [ 6.41575134e-03]
 [ 5.86030680e-04]
 [-2.46991706e-03]
 [ 4.72782338e-03]
 [ 3.42121519e-03]
 [ 1.22635828e-02]
 [ 1.32421719e-03]
 [-1.81224002e-03]
 [ 4.38536044e-03]
 [ 6.40666809e-03]
 [ 9.43429750e-03]
 [ 9.38466913e-03]
 [ 7.15369613e-03]
 [ 5.04603671e-03]
 [ 5.41469036e-03]
 [ 5.55090596e-03]
 [ 7.71181252e-03]
 [-4.10041050e-05]
 [ 5.12143875e-03]
 [ 1.45206836e-02]
 [ 5.82056965e-03]
 [ 8.19730861e-03]
 [ 2.97425779e-03]
 [ 1.22154412e-02]
 [ 2.08164405e-03]
 [ 1.25560831e-02]
 [ 1.17469310e-02]
 [-4.58576801e-04]
 [ 3.97506428e-03]
 [ 3.75034983e-03]
 [-2.01813561e-04]
 [ 4.68603634e-03]
 [-7.45647720e-05]
 [-6.82615861e-03]
 [ 6.91345989e-03]
 [-5.55123791e-04]
 [-7.07806176e-03]
 [ 1.91923813e-03]
 [ 9.39055708e-03]
 [-2.82306341e-04]
 [ 1.08451461e-02]
 [ 1.08233443e-02]
 [ 1.21086758e-04]]   0.01452068358780777
______________________________________________________________
Vectors amount:  47
Ham: 
 [[0. 5. 5. ... 4. 5. 4.]
 [5. 0. 5. ... 5. 5. 4.]
 [5. 5. 0. ... 5. 5. 4.]
 ...
 [4. 5. 5. ... 0. 5. 5.]
 [5. 5. 5. ... 5. 0. 5.]
 [4. 4. 4. ... 5. 5. 0.]]
Solution:
 [[ 1.35010342e-02]
 [ 1.62982608e-02]
 [ 1.40089228e-02]
 [-2.79573663e-03]
 [-2.34859568e-03]
 [ 8.12083378e-03]
 [-3.25464316e-03]
 [ 1.11124285e-02]
 [ 9.86353861e-03]
 [-1.19999447e-02]
 [ 1.69117195e-03]
 [ 1.17075143e-02]
 [ 3.67684169e-03]
 [ 1.19750377e-02]
 [ 1.03793061e-02]
 [ 3.84181209e-03]
 [-1.01406247e-03]
 [ 7.74153182e-03]
 [-1.25551414e-03]
 [-2.50863060e-03]
 [ 1.72680480e-03]
 [-1.10112072e-02]
 [ 1.20032756e-02]
 [ 2.38926937e-03]
 [-1.38909239e-02]
 [ 5.08534823e-03]
 [ 9.60986687e-03]
 [-1.31453238e-02]
 [ 1.90011323e-02]
 [-2.31354062e-03]
 [ 1.28113072e-02]
 [-8.11449131e-03]
 [ 1.49321424e-02]
 [ 3.92979744e-03]
 [ 9.06017837e-03]
 [ 9.36143569e-03]
 [ 1.05939684e-02]
 [ 1.35540581e-02]
 [-9.55370317e-05]
 [ 3.71446091e-03]
 [ 8.90656158e-03]
 [ 5.26990619e-03]
 [ 6.44001838e-03]
 [ 7.74026931e-03]
 [ 1.74086798e-03]
 [ 5.55316000e-03]
 [ 1.87851356e-03]]   0.01900113234307039
______________________________________________________________
Vectors amount:  48
Ham: 
 [[0. 5. 5. ... 5. 4. 3.]
 [5. 0. 5. ... 5. 5. 5.]
 [5. 5. 0. ... 4. 5. 5.]
 ...
 [5. 5. 4. ... 0. 5. 5.]
 [4. 5. 5. ... 5. 0. 5.]
 [3. 5. 5. ... 5. 5. 0.]]
Solution:
 [[ 6.50639946e-03]
 [ 1.91556015e-03]
 [ 1.38081998e-02]
 [-7.94432799e-03]
 [ 5.26457734e-03]
 [ 8.70337644e-03]
 [ 8.62177220e-03]
 [ 1.15314745e-02]
 [ 5.57204203e-04]
 [-4.20358975e-04]
 [ 8.86274191e-03]
 [ 6.97338788e-03]
 [ 5.06018019e-03]
 [ 4.95041709e-03]
 [-1.40922747e-04]
 [ 2.56178295e-03]
 [ 1.59389508e-03]
 [ 6.46211950e-03]
 [-7.23819316e-03]
 [ 5.59489158e-03]
 [ 2.32529377e-03]
 [ 8.03692935e-03]
 [ 4.56834547e-03]
 [ 5.69314434e-03]
 [ 6.08021803e-03]
 [-5.20954873e-04]
 [ 6.00076019e-03]
 [ 1.93064377e-03]
 [-1.07872580e-03]
 [ 6.30483657e-03]
 [ 2.69419171e-03]
 [ 7.10005369e-05]
 [ 2.11547397e-03]
 [ 7.87868743e-03]
 [ 1.39897419e-02]
 [ 1.48275492e-02]
 [ 1.07832063e-02]
 [ 6.91084541e-03]
 [ 1.33662771e-03]
 [-1.46734983e-03]
 [ 1.65369912e-04]
 [ 4.61105849e-03]
 [ 6.24599261e-03]
 [ 7.27420543e-03]
 [ 2.66877771e-03]
 [ 7.69385503e-03]
 [ 7.12596602e-03]
 [-1.86518010e-03]]   0.014827549158170769
______________________________________________________________
Vectors amount:  49
Ham: 
 [[0. 5. 4. ... 5. 5. 5.]
 [5. 0. 5. ... 5. 5. 4.]
 [4. 5. 0. ... 5. 5. 4.]
 ...
 [5. 5. 5. ... 0. 5. 4.]
 [5. 5. 5. ... 5. 0. 5.]
 [5. 4. 4. ... 4. 5. 0.]]
Solution:
 [[ 3.40659743e-03]
 [ 9.21883688e-03]
 [-4.07496796e-03]
 [ 4.95100075e-03]
 [-7.51450874e-03]
 [ 7.05752907e-03]
 [ 2.32546125e-03]
 [ 1.80753622e-03]
 [ 5.79545520e-04]
 [ 3.16619490e-03]
 [ 2.98477001e-05]
 [ 8.76188284e-03]
 [ 1.19512097e-02]
 [ 6.06713544e-03]
 [ 8.10577484e-03]
 [-1.68774956e-04]
 [ 3.54372601e-03]
 [ 4.74242491e-03]
 [-3.24386487e-04]
 [-3.60315277e-03]
 [ 1.35273266e-02]
 [ 3.69056175e-03]
 [ 2.71879243e-03]
 [ 5.39004524e-03]
 [ 1.20316789e-02]
 [-5.82973004e-03]
 [ 5.13699304e-03]
 [ 6.70044799e-03]
 [ 1.00346767e-03]
 [ 4.75724339e-03]
 [ 9.12393939e-03]
 [ 6.34228652e-03]
 [ 2.04792312e-03]
 [ 9.32557072e-03]
 [ 3.74398407e-03]
 [-8.17488970e-04]
 [ 1.58146706e-02]
 [ 1.27289478e-02]
 [ 5.29421943e-03]
 [-2.82348774e-03]
 [ 7.32550330e-04]
 [ 1.52548879e-02]
 [ 1.16017779e-02]
 [-2.94752085e-03]
 [ 9.07610064e-03]
 [ 6.35598180e-03]
 [ 4.64588522e-03]
 [ 1.64341852e-04]
 [ 3.98419690e-04]]   0.015814670592866807
______________________________________________________________
Vectors amount:  50
Ham: 
 [[0. 5. 4. ... 5. 5. 5.]
 [5. 0. 5. ... 4. 5. 5.]
 [4. 5. 0. ... 5. 4. 5.]
 ...
 [5. 4. 5. ... 0. 4. 5.]
 [5. 5. 4. ... 4. 0. 5.]
 [5. 5. 5. ... 5. 5. 0.]]
Solution:
 [[ 0.00262184]
 [ 0.00566247]
 [ 0.00698463]
 [ 0.01003467]
 [-0.00160722]
 [-0.0221961 ]
 [ 0.03242644]
 [ 0.00814317]
 [ 0.01316491]
 [ 0.00740747]
 [ 0.00751725]
 [-0.00196649]
 [ 0.00914036]
 [ 0.01811812]
 [ 0.01459529]
 [ 0.00815485]
 [ 0.00406014]
 [ 0.01156944]
 [ 0.00633382]
 [ 0.00046208]
 [ 0.00066122]
 [-0.03197361]
 [-0.01710815]
 [ 0.0140596 ]
 [-0.01007709]
 [-0.00413016]
 [ 0.00490983]
 [ 0.00337735]
 [ 0.00656889]
 [ 0.00916587]
 [ 0.00410407]
 [ 0.00785419]
 [-0.00448481]
 [ 0.01338313]
 [ 0.00330347]
 [ 0.01218084]
 [ 0.01140633]
 [ 0.01627007]
 [-0.00196472]
 [ 0.01137817]
 [-0.01449244]
 [ 0.00875159]
 [ 0.00435891]
 [ 0.00258191]
 [-0.00482329]
 [-0.00306463]
 [ 0.00366741]
 [-0.00394633]
 [ 0.0174681 ]
 [ 0.01629115]]   0.032426439862564556
______________________________________________________________
