Vectors amount:  2
Ham: 
 [[ 0. 49.]
 [49.  0.]]
Solution:
 [[0.02040816]
 [0.02040816]]   0.02040816326530612
______________________________________________________________
Vectors amount:  3
Ham: 
 [[ 0. 49. 48.]
 [49.  0. 48.]
 [48. 48.  0.]]
Solution:
 [[0.01041667]
 [0.01041667]
 [0.01019965]]   0.010416666666666666
______________________________________________________________
Vectors amount:  4
Ham: 
 [[ 0. 48. 47. 48.]
 [48.  0. 45. 49.]
 [47. 45.  0. 49.]
 [48. 49. 49.  0.]]
Solution:
 [[0.00698535]
 [0.0068603 ]
 [0.00670507]
 [0.00740765]]   0.007407652536502211
______________________________________________________________
Vectors amount:  5
Ham: 
 [[ 0. 49. 46. 47. 47.]
 [49.  0. 49. 49. 49.]
 [46. 49.  0. 48. 49.]
 [47. 49. 48.  0. 48.]
 [47. 49. 49. 48.  0.]]
Solution:
 [[0.00482402]
 [0.00556552]
 [0.00516495]
 [0.00515579]
 [0.0052634 ]]   0.005565516952428912
______________________________________________________________
Vectors amount:  6
Ham: 
 [[ 0. 49. 48. 49. 49. 48.]
 [49.  0. 49. 48. 47. 46.]
 [48. 49.  0. 49. 49. 49.]
 [49. 48. 49.  0. 49. 49.]
 [49. 47. 49. 49.  0. 48.]
 [48. 46. 49. 49. 48.  0.]]
Solution:
 [[0.00420911]
 [0.00387802]
 [0.00429182]
 [0.00429858]
 [0.00413842]
 [0.00396993]]   0.004298577807424905
______________________________________________________________
Vectors amount:  7
Ham: 
 [[ 0. 48. 47. 49. 49. 49. 47.]
 [48.  0. 49. 49. 48. 47. 47.]
 [47. 49.  0. 49. 47. 49. 47.]
 [49. 49. 49.  0. 48. 48. 49.]
 [49. 48. 47. 48.  0. 49. 47.]
 [49. 47. 49. 48. 49.  0. 49.]
 [47. 47. 47. 49. 47. 49.  0.]]
Solution:
 [[0.00347789]
 [0.00339866]
 [0.0034054 ]
 [0.00367631]
 [0.00340287]
 [0.00360559]
 [0.00326078]]   0.003676312572422059
______________________________________________________________
Vectors amount:  8
Ham: 
 [[ 0. 48. 47. 49. 49. 48. 49. 47.]
 [48.  0. 49. 48. 49. 49. 47. 49.]
 [47. 49.  0. 48. 47. 48. 46. 48.]
 [49. 48. 48.  0. 48. 49. 49. 49.]
 [49. 49. 47. 48.  0. 49. 48. 47.]
 [48. 49. 48. 49. 49.  0. 48. 49.]
 [49. 47. 46. 49. 48. 48.  0. 48.]
 [47. 49. 48. 49. 47. 49. 48.  0.]]
Solution:
 [[0.00294834]
 [0.00306614]
 [0.00270349]
 [0.00312765]
 [0.00295324]
 [0.00313256]
 [0.00283056]
 [0.00295185]]   0.003132561099920191
______________________________________________________________
Vectors amount:  9
Ham: 
 [[ 0. 48. 48. 49. 46. 49. 47. 48. 48.]
 [48.  0. 47. 48. 46. 48. 48. 48. 49.]
 [48. 47.  0. 47. 49. 47. 48. 48. 49.]
 [49. 48. 47.  0. 48. 48. 47. 49. 47.]
 [46. 46. 49. 48.  0. 46. 48. 49. 48.]
 [49. 48. 47. 48. 46.  0. 49. 46. 48.]
 [47. 48. 48. 47. 48. 49.  0. 49. 49.]
 [48. 48. 48. 49. 49. 46. 49.  0. 49.]
 [48. 49. 49. 47. 48. 48. 49. 49.  0.]]
Solution:
 [[0.00258684]
 [0.00254214]
 [0.00258979]
 [0.00258168]
 [0.00243338]
 [0.00247902]
 [0.00269885]
 [0.0027549 ]
 [0.00280578]]   0.002805778746890317
______________________________________________________________
Vectors amount:  10
Ham: 
 [[ 0. 48. 47. 48. 49. 48. 48. 48. 48. 49.]
 [48.  0. 49. 48. 49. 48. 46. 47. 48. 49.]
 [47. 49.  0. 49. 49. 48. 49. 49. 47. 47.]
 [48. 48. 49.  0. 47. 48. 47. 48. 49. 49.]
 [49. 49. 49. 47.  0. 49. 49. 47. 49. 48.]
 [48. 48. 48. 48. 49.  0. 49. 48. 48. 48.]
 [48. 46. 49. 47. 49. 49.  0. 48. 48. 47.]
 [48. 47. 49. 48. 47. 48. 48.  0. 49. 48.]
 [48. 48. 47. 49. 49. 48. 48. 49.  0. 48.]
 [49. 49. 47. 49. 48. 48. 47. 48. 48.  0.]]
Solution:
 [[0.0022987 ]
 [0.00225749]
 [0.00234279]
 [0.00229746]
 [0.00244154]
 [0.00234565]
 [0.00220756]
 [0.00224857]
 [0.00234556]
 [0.00229678]]   0.002441541617402997
______________________________________________________________
Vectors amount:  11
Ham: 
 [[ 0. 48. 48. 49. 48. 47. 47. 47. 49. 49. 48.]
 [48.  0. 48. 47. 47. 49. 49. 48. 49. 48. 48.]
 [48. 48.  0. 46. 49. 48. 48. 49. 49. 48. 47.]
 [49. 47. 46.  0. 49. 49. 49. 48. 47. 48. 49.]
 [48. 47. 49. 49.  0. 49. 49. 49. 47. 48. 48.]
 [47. 49. 48. 49. 49.  0. 49. 48. 47. 49. 47.]
 [47. 49. 48. 49. 49. 49.  0. 48. 48. 47. 49.]
 [47. 48. 49. 48. 49. 48. 48.  0. 48. 49. 48.]
 [49. 49. 49. 47. 47. 47. 48. 48.  0. 49. 47.]
 [49. 48. 48. 48. 48. 49. 47. 49. 49.  0. 49.]
 [48. 48. 47. 49. 48. 47. 49. 48. 47. 49.  0.]]
Solution:
 [[0.00201021]
 [0.00205504]
 [0.00201474]
 [0.0020607 ]
 [0.00214476]
 [0.00210693]
 [0.00214129]
 [0.00210247]
 [0.00201082]
 [0.00218114]
 [0.00201748]]   0.0021811438245634925
______________________________________________________________
Vectors amount:  12
Ham: 
 [[ 0. 48. 49. 49. 48. 49. 46. 47. 49. 49. 49. 48.]
 [48.  0. 47. 48. 48. 47. 48. 49. 48. 47. 48. 48.]
 [49. 47.  0. 49. 48. 48. 49. 46. 48. 47. 46. 46.]
 [49. 48. 49.  0. 48. 49. 48. 49. 48. 49. 49. 49.]
 [48. 48. 48. 48.  0. 49. 49. 49. 48. 48. 48. 47.]
 [49. 47. 48. 49. 49.  0. 49. 46. 48. 49. 47. 49.]
 [46. 48. 49. 48. 49. 49.  0. 47. 46. 46. 48. 48.]
 [47. 49. 46. 49. 49. 46. 47.  0. 47. 48. 48. 47.]
 [49. 48. 48. 48. 48. 48. 46. 47.  0. 49. 48. 49.]
 [49. 47. 47. 49. 48. 49. 46. 48. 49.  0. 48. 47.]
 [49. 48. 46. 49. 48. 47. 48. 48. 48. 48.  0. 49.]
 [48. 48. 46. 49. 47. 49. 48. 47. 49. 47. 49.  0.]]
Solution:
 [[0.00203149]
 [0.00181738]
 [0.00171577]
 [0.00217156]
 [0.00197245]
 [0.00199243]
 [0.00173824]
 [0.00171044]
 [0.00191078]
 [0.00188194]
 [0.00191188]
 [0.00187717]]   0.0021715625457729383
______________________________________________________________
Vectors amount:  13
Ham: 
 [[ 0. 48. 48. 46. 49. 48. 47. 49. 49. 47. 48. 47. 48.]
 [48.  0. 48. 49. 47. 48. 48. 48. 49. 49. 46. 48. 47.]
 [48. 48.  0. 48. 47. 46. 48. 48. 48. 48. 47. 48. 49.]
 [46. 49. 48.  0. 49. 49. 48. 47. 47. 49. 49. 48. 49.]
 [49. 47. 47. 49.  0. 47. 49. 49. 48. 47. 48. 48. 48.]
 [48. 48. 46. 49. 47.  0. 49. 47. 48. 48. 48. 48. 49.]
 [47. 48. 48. 48. 49. 49.  0. 49. 47. 48. 47. 48. 49.]
 [49. 48. 48. 47. 49. 47. 49.  0. 48. 49. 49. 49. 49.]
 [49. 49. 48. 47. 48. 48. 47. 48.  0. 49. 49. 48. 47.]
 [47. 49. 48. 49. 47. 48. 48. 49. 49.  0. 49. 48. 49.]
 [48. 46. 47. 49. 48. 48. 47. 49. 49. 49.  0. 49. 49.]
 [47. 48. 48. 48. 48. 48. 48. 49. 48. 48. 49.  0. 49.]
 [48. 47. 49. 49. 48. 49. 49. 49. 47. 49. 49. 49.  0.]]
Solution:
 [[0.00160802]
 [0.00164451]
 [0.00158116]
 [0.00175961]
 [0.00168759]
 [0.00165481]
 [0.00172462]
 [0.00186753]
 [0.00171318]
 [0.00183593]
 [0.00177104]
 [0.00176447]
 [0.00190338]]   0.0019033802444850022
______________________________________________________________
Vectors amount:  14
Ham: 
 [[ 0. 48. 49. 47. 49. 49. 47. 49. 49. 48. 48. 48. 49. 49.]
 [48.  0. 48. 48. 48. 48. 47. 49. 47. 48. 48. 48. 47. 49.]
 [49. 48.  0. 47. 48. 49. 49. 47. 48. 46. 49. 48. 47. 49.]
 [47. 48. 47.  0. 48. 48. 48. 49. 49. 49. 49. 48. 49. 49.]
 [49. 48. 48. 48.  0. 49. 48. 47. 49. 48. 49. 49. 48. 48.]
 [49. 48. 49. 48. 49.  0. 48. 48. 49. 46. 49. 49. 48. 49.]
 [47. 47. 49. 48. 48. 48.  0. 48. 48. 47. 49. 48. 49. 48.]
 [49. 49. 47. 49. 47. 48. 48.  0. 48. 48. 47. 47. 49. 48.]
 [49. 47. 48. 49. 49. 49. 48. 48.  0. 48. 47. 48. 48. 46.]
 [48. 48. 46. 49. 48. 46. 47. 48. 48.  0. 46. 49. 47. 49.]
 [48. 48. 49. 49. 49. 49. 49. 47. 47. 46.  0. 48. 49. 49.]
 [48. 48. 48. 48. 49. 49. 48. 47. 48. 49. 48.  0. 47. 49.]
 [49. 47. 47. 49. 48. 48. 49. 49. 48. 47. 49. 47.  0. 49.]
 [49. 49. 49. 49. 48. 49. 48. 48. 46. 49. 49. 49. 49.  0.]]
Solution:
 [[0.00169937]
 [0.0015005 ]
 [0.00154659]
 [0.0016584 ]
 [0.00166798]
 [0.00171109]
 [0.00153424]
 [0.00152936]
 [0.0015305 ]
 [0.00136399]
 [0.00164807]
 [0.00159944]
 [0.0016089 ]
 [0.00176415]]   0.0017641540427421245
______________________________________________________________
Vectors amount:  15
Ham: 
 [[ 0. 49. 49. 49. 47. 49. 49. 49. 49. 48. 49. 46. 49. 49. 49.]
 [49.  0. 48. 49. 48. 48. 49. 48. 48. 48. 48. 46. 49. 46. 47.]
 [49. 48.  0. 48. 49. 45. 48. 48. 47. 49. 49. 48. 49. 49. 49.]
 [49. 49. 48.  0. 48. 48. 49. 48. 47. 46. 48. 48. 48. 49. 47.]
 [47. 48. 49. 48.  0. 47. 49. 49. 49. 47. 48. 47. 49. 48. 49.]
 [49. 48. 45. 48. 47.  0. 48. 48. 48. 47. 49. 48. 49. 49. 48.]
 [49. 49. 48. 49. 49. 48.  0. 48. 48. 49. 48. 49. 49. 49. 49.]
 [49. 48. 48. 48. 49. 48. 48.  0. 48. 48. 49. 48. 47. 48. 49.]
 [49. 48. 47. 47. 49. 48. 48. 48.  0. 49. 48. 49. 49. 48. 48.]
 [48. 48. 49. 46. 47. 47. 49. 48. 49.  0. 47. 48. 46. 46. 48.]
 [49. 48. 49. 48. 48. 49. 48. 49. 48. 47.  0. 48. 48. 48. 47.]
 [46. 46. 48. 48. 47. 48. 49. 48. 49. 48. 48.  0. 48. 48. 48.]
 [49. 49. 49. 48. 49. 49. 49. 47. 49. 46. 48. 48.  0. 46. 49.]
 [49. 46. 49. 49. 48. 49. 49. 48. 48. 46. 48. 48. 46.  0. 49.]
 [49. 47. 49. 47. 49. 48. 49. 49. 48. 48. 47. 48. 49. 49.  0.]]
Solution:
 [[0.00167859]
 [0.0014056 ]
 [0.00152006]
 [0.00143506]
 [0.00149813]
 [0.00139713]
 [0.00169468]
 [0.00151904]
 [0.00151147]
 [0.0012447 ]
 [0.00149031]
 [0.00132838]
 [0.00153327]
 [0.00144039]
 [0.00155783]]   0.0016946768488304074
______________________________________________________________
Vectors amount:  16
Ham: 
 [[ 0. 48. 45. 49. 48. 48. 49. 49. 48. 48. 45. 49. 48. 48. 49. 49.]
 [48.  0. 49. 48. 48. 47. 49. 48. 47. 47. 49. 48. 48. 47. 48. 49.]
 [45. 49.  0. 48. 49. 47. 47. 49. 46. 46. 47. 47. 49. 48. 47. 48.]
 [49. 48. 48.  0. 48. 49. 49. 48. 49. 49. 49. 49. 48. 48. 48. 49.]
 [48. 48. 49. 48.  0. 47. 48. 49. 46. 48. 49. 45. 49. 48. 49. 45.]
 [48. 47. 47. 49. 47.  0. 49. 48. 49. 48. 48. 49. 49. 49. 48. 48.]
 [49. 49. 47. 49. 48. 49.  0. 48. 49. 48. 48. 46. 49. 49. 47. 49.]
 [49. 48. 49. 48. 49. 48. 48.  0. 46. 48. 47. 49. 49. 49. 46. 47.]
 [48. 47. 46. 49. 46. 49. 49. 46.  0. 49. 47. 49. 49. 49. 49. 49.]
 [48. 47. 46. 49. 48. 48. 48. 48. 49.  0. 48. 49. 47. 49. 49. 47.]
 [45. 49. 47. 49. 49. 48. 48. 47. 47. 48.  0. 47. 48. 47. 48. 48.]
 [49. 48. 47. 49. 45. 49. 46. 49. 49. 49. 47.  0. 49. 48. 49. 48.]
 [48. 48. 49. 48. 49. 49. 49. 49. 49. 47. 48. 49.  0. 48. 49. 49.]
 [48. 47. 48. 48. 48. 49. 49. 49. 49. 49. 47. 48. 48.  0. 49. 49.]
 [49. 48. 47. 48. 49. 48. 47. 46. 49. 49. 48. 49. 49. 49.  0. 45.]
 [49. 49. 48. 49. 45. 48. 49. 47. 49. 47. 48. 48. 49. 49. 45.  0.]]
Solution:
 [[0.00138682]
 [0.00134227]
 [0.00112189]
 [0.00158579]
 [0.00123081]
 [0.00146479]
 [0.00148652]
 [0.00135662]
 [0.00142005]
 [0.00137056]
 [0.00121262]
 [0.00140728]
 [0.00158026]
 [0.0015058 ]
 [0.00136559]
 [0.00135021]]   0.0015857909479245133
______________________________________________________________
Vectors amount:  17
Ham: 
 [[ 0. 48. 46. 49. 47. 48. 47. 48. 48. 48. 47. 47. 49. 48. 49. 49. 49.]
 [48.  0. 49. 49. 47. 49. 48. 48. 48. 48. 48. 49. 48. 47. 48. 47. 49.]
 [46. 49.  0. 49. 47. 47. 48. 49. 48. 46. 46. 47. 46. 48. 49. 49. 47.]
 [49. 49. 49.  0. 49. 48. 49. 47. 46. 47. 49. 47. 49. 49. 48. 48. 48.]
 [47. 47. 47. 49.  0. 48. 49. 48. 47. 48. 49. 47. 47. 47. 48. 49. 48.]
 [48. 49. 47. 48. 48.  0. 49. 47. 48. 47. 49. 48. 49. 48. 47. 49. 47.]
 [47. 48. 48. 49. 49. 49.  0. 49. 49. 48. 48. 49. 49. 49. 48. 49. 49.]
 [48. 48. 49. 47. 48. 47. 49.  0. 46. 49. 46. 49. 48. 49. 48. 49. 48.]
 [48. 48. 48. 46. 47. 48. 49. 46.  0. 48. 47. 48. 49. 48. 48. 47. 49.]
 [48. 48. 46. 47. 48. 47. 48. 49. 48.  0. 49. 49. 48. 49. 47. 48. 46.]
 [47. 48. 46. 49. 49. 49. 48. 46. 47. 49.  0. 48. 49. 49. 49. 48. 49.]
 [47. 49. 47. 47. 47. 48. 49. 49. 48. 49. 48.  0. 49. 48. 48. 49. 49.]
 [49. 48. 46. 49. 47. 49. 49. 48. 49. 48. 49. 49.  0. 48. 47. 48. 48.]
 [48. 47. 48. 49. 47. 48. 49. 49. 48. 49. 49. 48. 48.  0. 49. 49. 49.]
 [49. 48. 49. 48. 48. 47. 48. 48. 48. 47. 49. 48. 47. 49.  0. 48. 48.]
 [49. 47. 49. 48. 49. 49. 49. 49. 47. 48. 48. 49. 48. 49. 48.  0. 49.]
 [49. 49. 47. 48. 48. 47. 49. 48. 49. 46. 49. 49. 48. 49. 48. 49.  0.]]
Solution:
 [[0.00124052]
 [0.00130441]
 [0.00107303]
 [0.00134502]
 [0.00118699]
 [0.00127085]
 [0.00150392]
 [0.00126391]
 [0.00115229]
 [0.00118362]
 [0.00132525]
 [0.00135088]
 [0.00135055]
 [0.00142694]
 [0.00128152]
 [0.00144779]
 [0.00138111]]   0.0015039185709507063
______________________________________________________________
Vectors amount:  18
Ham: 
 [[ 0. 46. 49. 47. 48. 47. 47. 45. 48. 48. 49. 48. 49. 47. 49. 49. 47. 49.]
 [46.  0. 47. 49. 48. 47. 47. 48. 48. 48. 48. 49. 48. 48. 48. 49. 49. 48.]
 [49. 47.  0. 49. 48. 49. 48. 49. 49. 48. 49. 49. 48. 49. 48. 49. 49. 47.]
 [47. 49. 49.  0. 46. 49. 49. 47. 46. 49. 48. 47. 48. 47. 48. 49. 49. 49.]
 [48. 48. 48. 46.  0. 47. 48. 49. 49. 47. 49. 47. 49. 47. 48. 49. 48. 49.]
 [47. 47. 49. 49. 47.  0. 49. 49. 49. 47. 48. 49. 47. 48. 48. 48. 49. 48.]
 [47. 47. 48. 49. 48. 49.  0. 49. 48. 47. 49. 48. 49. 48. 49. 47. 46. 49.]
 [45. 48. 49. 47. 49. 49. 49.  0. 49. 49. 48. 48. 49. 44. 47. 48. 49. 48.]
 [48. 48. 49. 46. 49. 49. 48. 49.  0. 48. 48. 47. 47. 47. 49. 48. 48. 47.]
 [48. 48. 48. 49. 47. 47. 47. 49. 48.  0. 49. 47. 47. 48. 49. 49. 47. 45.]
 [49. 48. 49. 48. 49. 48. 49. 48. 48. 49.  0. 48. 47. 47. 48. 49. 49. 49.]
 [48. 49. 49. 47. 47. 49. 48. 48. 47. 47. 48.  0. 49. 49. 48. 49. 49. 48.]
 [49. 48. 48. 48. 49. 47. 49. 49. 47. 47. 47. 49.  0. 49. 49. 49. 47. 49.]
 [47. 48. 49. 47. 47. 48. 48. 44. 47. 48. 47. 49. 49.  0. 49. 49. 48. 49.]
 [49. 48. 48. 48. 48. 48. 49. 47. 49. 49. 48. 48. 49. 49.  0. 49. 48. 47.]
 [49. 49. 49. 49. 49. 48. 47. 48. 48. 49. 49. 49. 49. 49. 49.  0. 45. 49.]
 [47. 49. 49. 49. 48. 49. 46. 49. 48. 47. 49. 49. 47. 48. 48. 45.  0. 48.]
 [49. 48. 47. 49. 49. 48. 49. 48. 47. 45. 49. 48. 49. 49. 47. 49. 48.  0.]]
Solution:
 [[0.00110295]
 [0.00116074]
 [0.00138538]
 [0.00119287]
 [0.00119252]
 [0.00123918]
 [0.00121835]
 [0.00117033]
 [0.00116139]
 [0.00108491]
 [0.00133573]
 [0.0012681 ]
 [0.00128741]
 [0.00112435]
 [0.00130663]
 [0.00139076]
 [0.00115471]
 [0.00123947]]   0.0013907614051470963
______________________________________________________________
Vectors amount:  19
Ham: 
 [[ 0. 49. 46. 49. 46. 48. 48. 48. 49. 47. 47. 48. 46. 48. 46. 47. 48. 47.
  49.]
 [49.  0. 47. 48. 48. 47. 49. 47. 48. 49. 48. 48. 47. 47. 47. 48. 48. 49.
  48.]
 [46. 47.  0. 48. 49. 45. 48. 48. 49. 47. 49. 46. 47. 48. 48. 46. 48. 46.
  44.]
 [49. 48. 48.  0. 48. 49. 49. 49. 49. 49. 47. 45. 49. 48. 48. 49. 47. 49.
  49.]
 [46. 48. 49. 48.  0. 48. 48. 49. 48. 49. 47. 49. 49. 49. 47. 49. 49. 46.
  49.]
 [48. 47. 45. 49. 48.  0. 48. 48. 49. 47. 49. 49. 49. 47. 49. 47. 48. 48.
  48.]
 [48. 49. 48. 49. 48. 48.  0. 46. 48. 48. 48. 47. 48. 46. 48. 46. 49. 47.
  49.]
 [48. 47. 48. 49. 49. 48. 46.  0. 48. 49. 48. 48. 48. 49. 47. 46. 48. 48.
  47.]
 [49. 48. 49. 49. 48. 49. 48. 48.  0. 47. 49. 48. 48. 48. 48. 47. 48. 49.
  47.]
 [47. 49. 47. 49. 49. 47. 48. 49. 47.  0. 48. 47. 49. 47. 48. 46. 48. 49.
  48.]
 [47. 48. 49. 47. 47. 49. 48. 48. 49. 48.  0. 48. 48. 49. 49. 49. 48. 49.
  49.]
 [48. 48. 46. 45. 49. 49. 47. 48. 48. 47. 48.  0. 48. 48. 49. 48. 48. 49.
  48.]
 [46. 47. 47. 49. 49. 49. 48. 48. 48. 49. 48. 48.  0. 48. 48. 49. 49. 47.
  48.]
 [48. 47. 48. 48. 49. 47. 46. 49. 48. 47. 49. 48. 48.  0. 49. 49. 47. 47.
  48.]
 [46. 47. 48. 48. 47. 49. 48. 47. 48. 48. 49. 49. 48. 49.  0. 49. 47. 49.
  48.]
 [47. 48. 46. 49. 49. 47. 46. 46. 47. 46. 49. 48. 49. 49. 49.  0. 48. 48.
  47.]
 [48. 48. 48. 47. 49. 48. 49. 48. 48. 48. 48. 48. 49. 47. 47. 48.  0. 49.
  49.]
 [47. 49. 46. 49. 46. 48. 47. 48. 49. 49. 49. 49. 47. 47. 49. 48. 49.  0.
  44.]
 [49. 48. 44. 49. 49. 48. 49. 47. 47. 48. 49. 48. 48. 48. 48. 47. 49. 44.
   0.]]
Solution:
 [[0.00100834]
 [0.00114533]
 [0.00085255]
 [0.00130922]
 [0.00126406]
 [0.00120223]
 [0.00110783]
 [0.00113362]
 [0.00126677]
 [0.00116249]
 [0.00130728]
 [0.00112991]
 [0.00123891]
 [0.00115087]
 [0.00119879]
 [0.00107751]
 [0.0012403 ]
 [0.0011237 ]
 [0.00110842]]   0.0013092234738095456
______________________________________________________________
Vectors amount:  20
Ham: 
 [[ 0. 46. 49. 49. 48. 49. 47. 48. 48. 48. 48. 49. 49. 47. 49. 48. 47. 48.
  45. 47.]
 [46.  0. 48. 48. 49. 47. 49. 49. 49. 48. 48. 46. 48. 49. 47. 46. 47. 49.
  47. 47.]
 [49. 48.  0. 49. 49. 47. 46. 47. 49. 47. 49. 49. 49. 46. 48. 49. 49. 48.
  47. 49.]
 [49. 48. 49.  0. 48. 49. 48. 48. 47. 47. 46. 48. 46. 48. 49. 49. 46. 49.
  47. 49.]
 [48. 49. 49. 48.  0. 49. 49. 47. 46. 46. 48. 47. 49. 48. 48. 49. 49. 45.
  48. 49.]
 [49. 47. 47. 49. 49.  0. 49. 47. 48. 47. 49. 49. 46. 48. 49. 46. 49. 48.
  48. 49.]
 [47. 49. 46. 48. 49. 49.  0. 49. 48. 48. 48. 48. 49. 48. 49. 46. 49. 48.
  49. 48.]
 [48. 49. 47. 48. 47. 47. 49.  0. 46. 47. 49. 49. 48. 47. 49. 49. 48. 47.
  46. 48.]
 [48. 49. 49. 47. 46. 48. 48. 46.  0. 47. 47. 48. 49. 47. 49. 48. 49. 48.
  48. 47.]
 [48. 48. 47. 47. 46. 47. 48. 47. 47.  0. 48. 46. 48. 47. 47. 49. 49. 48.
  47. 48.]
 [48. 48. 49. 46. 48. 49. 48. 49. 47. 48.  0. 48. 49. 48. 48. 49. 46. 48.
  48. 47.]
 [49. 46. 49. 48. 47. 49. 48. 49. 48. 46. 48.  0. 49. 48. 45. 48. 47. 49.
  49. 49.]
 [49. 48. 49. 46. 49. 46. 49. 48. 49. 48. 49. 49.  0. 48. 46. 48. 47. 48.
  47. 48.]
 [47. 49. 46. 48. 48. 48. 48. 47. 47. 47. 48. 48. 48.  0. 48. 48. 47. 49.
  48. 48.]
 [49. 47. 48. 49. 48. 49. 49. 49. 49. 47. 48. 45. 46. 48.  0. 49. 49. 49.
  49. 48.]
 [48. 46. 49. 49. 49. 46. 46. 49. 48. 49. 49. 48. 48. 48. 49.  0. 49. 47.
  49. 48.]
 [47. 47. 49. 46. 49. 49. 49. 48. 49. 49. 46. 47. 47. 47. 49. 49.  0. 49.
  47. 49.]
 [48. 49. 48. 49. 45. 48. 48. 47. 48. 48. 48. 49. 48. 49. 49. 47. 49.  0.
  48. 47.]
 [45. 47. 47. 47. 48. 48. 49. 46. 48. 47. 48. 49. 47. 48. 49. 49. 47. 48.
   0. 47.]
 [47. 47. 49. 49. 49. 49. 48. 48. 47. 48. 47. 49. 48. 48. 48. 48. 49. 47.
  47.  0.]]
Solution:
 [[0.0010791 ]
 [0.00101138]
 [0.00118659]
 [0.0010992 ]
 [0.00112458]
 [0.00116288]
 [0.00119362]
 [0.00105386]
 [0.00104883]
 [0.0009047 ]
 [0.00111098]
 [0.00111296]
 [0.00110704]
 [0.00101787]
 [0.0012061 ]
 [0.00117178]
 [0.00114337]
 [0.00112855]
 [0.00095971]
 [0.00114191]]   0.00120609600282253
______________________________________________________________
Vectors amount:  21
Ham: 
 [[ 0. 49. 48. 48. 48. 49. 48. 48. 46. 49. 49. 49. 48. 48. 46. 49. 48. 48.
  49. 48. 49.]
 [49.  0. 49. 49. 47. 48. 49. 47. 48. 48. 47. 48. 47. 48. 47. 47. 49. 49.
  49. 49. 49.]
 [48. 49.  0. 48. 49. 47. 49. 47. 49. 48. 46. 49. 47. 48. 48. 48. 47. 49.
  49. 48. 46.]
 [48. 49. 48.  0. 48. 47. 49. 48. 48. 49. 49. 49. 49. 47. 48. 47. 49. 47.
  47. 49. 49.]
 [48. 47. 49. 48.  0. 49. 45. 49. 47. 49. 48. 48. 47. 49. 48. 45. 47. 47.
  47. 48. 48.]
 [49. 48. 47. 47. 49.  0. 49. 47. 48. 49. 47. 49. 49. 48. 48. 47. 48. 47.
  48. 48. 48.]
 [48. 49. 49. 49. 45. 49.  0. 46. 49. 48. 47. 49. 47. 48. 48. 48. 48. 48.
  49. 49. 48.]
 [48. 47. 47. 48. 49. 47. 46.  0. 48. 45. 48. 47. 47. 49. 49. 48. 49. 49.
  48. 48. 49.]
 [46. 48. 49. 48. 47. 48. 49. 48.  0. 49. 48. 49. 48. 48. 48. 48. 47. 48.
  47. 49. 48.]
 [49. 48. 48. 49. 49. 49. 48. 45. 49.  0. 48. 46. 48. 48. 47. 49. 48. 49.
  49. 48. 49.]
 [49. 47. 46. 49. 48. 47. 47. 48. 48. 48.  0. 49. 48. 49. 48. 48. 49. 49.
  47. 48. 49.]
 [49. 48. 49. 49. 48. 49. 49. 47. 49. 46. 49.  0. 46. 48. 48. 47. 48. 47.
  49. 48. 49.]
 [48. 47. 47. 49. 47. 49. 47. 47. 48. 48. 48. 46.  0. 47. 49. 48. 49. 48.
  47. 49. 47.]
 [48. 48. 48. 47. 49. 48. 48. 49. 48. 48. 49. 48. 47.  0. 47. 49. 48. 47.
  49. 49. 49.]
 [46. 47. 48. 48. 48. 48. 48. 49. 48. 47. 48. 48. 49. 47.  0. 48. 48. 48.
  49. 48. 47.]
 [49. 47. 48. 47. 45. 47. 48. 48. 48. 49. 48. 47. 48. 49. 48.  0. 47. 49.
  48. 49. 48.]
 [48. 49. 47. 49. 47. 48. 48. 49. 47. 48. 49. 48. 49. 48. 48. 47.  0. 48.
  46. 48. 48.]
 [48. 49. 49. 47. 47. 47. 48. 49. 48. 49. 49. 47. 48. 47. 48. 49. 48.  0.
  49. 49. 49.]
 [49. 49. 49. 47. 47. 48. 49. 48. 47. 49. 47. 49. 47. 49. 49. 48. 46. 49.
   0. 48. 49.]
 [48. 49. 48. 49. 48. 48. 49. 48. 49. 48. 48. 48. 49. 49. 48. 49. 48. 49.
  48.  0. 48.]
 [49. 49. 46. 49. 48. 48. 48. 49. 48. 49. 49. 49. 47. 49. 47. 48. 48. 49.
  49. 48.  0.]]
Solution:
 [[0.00111188]
 [0.00110247]
 [0.00099616]
 [0.0011062 ]
 [0.00086537]
 [0.00101465]
 [0.00106124]
 [0.00092515]
 [0.00102025]
 [0.00109037]
 [0.00104398]
 [0.0010699 ]
 [0.00090754]
 [0.00108187]
 [0.00093778]
 [0.00096751]
 [0.00099565]
 [0.0011078 ]
 [0.00109433]
 [0.00118956]
 [0.00115917]]   0.0011895561338865928
______________________________________________________________
Vectors amount:  22
Ham: 
 [[ 0. 49. 46. 48. 48. 49. 49. 49. 49. 49. 46. 48. 49. 48. 47. 49. 49. 47.
  48. 47. 48. 49.]
 [49.  0. 47. 47. 47. 47. 49. 48. 47. 48. 47. 47. 46. 49. 49. 48. 46. 46.
  48. 48. 48. 47.]
 [46. 47.  0. 48. 49. 47. 48. 48. 48. 48. 46. 48. 49. 49. 48. 48. 49. 49.
  47. 48. 47. 47.]
 [48. 47. 48.  0. 49. 49. 48. 48. 48. 49. 48. 48. 48. 49. 48. 49. 49. 48.
  49. 48. 49. 48.]
 [48. 47. 49. 49.  0. 48. 49. 48. 46. 48. 49. 46. 48. 49. 49. 47. 47. 48.
  48. 49. 48. 48.]
 [49. 47. 47. 49. 48.  0. 48. 48. 48. 49. 45. 48. 47. 48. 49. 49. 49. 46.
  47. 49. 48. 49.]
 [49. 49. 48. 48. 49. 48.  0. 48. 48. 48. 47. 48. 48. 48. 49. 49. 49. 47.
  49. 48. 49. 48.]
 [49. 48. 48. 48. 48. 48. 48.  0. 47. 47. 49. 49. 48. 48. 49. 48. 46. 47.
  47. 47. 48. 48.]
 [49. 47. 48. 48. 46. 48. 48. 47.  0. 49. 47. 49. 46. 49. 49. 46. 47. 48.
  49. 47. 48. 48.]
 [49. 48. 48. 49. 48. 49. 48. 47. 49.  0. 47. 47. 48. 47. 49. 47. 49. 44.
  48. 49. 48. 48.]
 [46. 47. 46. 48. 49. 45. 47. 49. 47. 47.  0. 48. 49. 49. 49. 48. 47. 48.
  49. 49. 49. 47.]
 [48. 47. 48. 48. 46. 48. 48. 49. 49. 47. 48.  0. 46. 47. 49. 46. 49. 46.
  49. 44. 48. 47.]
 [49. 46. 49. 48. 48. 47. 48. 48. 46. 48. 49. 46.  0. 47. 49. 48. 49. 49.
  48. 47. 47. 48.]
 [48. 49. 49. 49. 49. 48. 48. 48. 49. 47. 49. 47. 47.  0. 48. 48. 49. 47.
  48. 49. 49. 49.]
 [47. 49. 48. 48. 49. 49. 49. 49. 49. 49. 49. 49. 49. 48.  0. 48. 49. 49.
  46. 47. 47. 48.]
 [49. 48. 48. 49. 47. 49. 49. 48. 46. 47. 48. 46. 48. 48. 48.  0. 47. 47.
  49. 48. 48. 49.]
 [49. 46. 49. 49. 47. 49. 49. 46. 47. 49. 47. 49. 49. 49. 49. 47.  0. 49.
  49. 49. 48. 48.]
 [47. 46. 49. 48. 48. 46. 47. 47. 48. 44. 48. 46. 49. 47. 49. 47. 49.  0.
  48. 49. 49. 48.]
 [48. 48. 47. 49. 48. 47. 49. 47. 49. 48. 49. 49. 48. 48. 46. 49. 49. 48.
   0. 48. 47. 49.]
 [47. 48. 48. 48. 49. 49. 48. 47. 47. 49. 49. 44. 47. 49. 47. 48. 49. 49.
  48.  0. 48. 49.]
 [48. 48. 47. 49. 48. 48. 49. 48. 48. 48. 49. 48. 47. 49. 47. 48. 48. 49.
  47. 48.  0. 46.]
 [49. 47. 47. 48. 48. 49. 48. 48. 48. 48. 47. 47. 48. 49. 48. 49. 48. 48.
  49. 49. 46.  0.]]
Solution:
 [[0.00106949]
 [0.00081368]
 [0.00092348]
 [0.00115759]
 [0.00102432]
 [0.00101018]
 [0.00113607]
 [0.00093684]
 [0.00090794]
 [0.00098829]
 [0.00090152]
 [0.00078616]
 [0.00093599]
 [0.00113347]
 [0.00113227]
 [0.00098277]
 [0.00112325]
 [0.00082827]
 [0.00104142]
 [0.00099985]
 [0.00098283]
 [0.00101954]]   0.001157585381796153
______________________________________________________________
Vectors amount:  23
Ham: 
 [[ 0. 48. 48. 48. 49. 48. 49. 47. 48. 48. 49. 49. 48. 48. 48. 48. 47. 49.
  49. 48. 49. 48. 48.]
 [48.  0. 48. 46. 46. 48. 49. 49. 48. 47. 48. 48. 49. 49. 48. 49. 49. 48.
  47. 48. 47. 48. 49.]
 [48. 48.  0. 49. 48. 47. 48. 49. 47. 47. 49. 47. 49. 47. 49. 49. 49. 48.
  46. 49. 49. 49. 48.]
 [48. 46. 49.  0. 49. 48. 49. 49. 49. 49. 49. 49. 48. 49. 48. 48. 45. 49.
  49. 47. 49. 48. 47.]
 [49. 46. 48. 49.  0. 47. 48. 47. 46. 49. 49. 48. 46. 47. 47. 49. 46. 48.
  49. 49. 48. 48. 49.]
 [48. 48. 47. 48. 47.  0. 49. 48. 49. 47. 49. 48. 48. 48. 48. 48. 49. 47.
  46. 46. 49. 49. 48.]
 [49. 49. 48. 49. 48. 49.  0. 48. 48. 49. 49. 49. 48. 49. 49. 49. 48. 48.
  48. 49. 48. 49. 49.]
 [47. 49. 49. 49. 47. 48. 48.  0. 45. 49. 48. 47. 47. 49. 49. 49. 48. 47.
  48. 48. 49. 48. 48.]
 [48. 48. 47. 49. 46. 49. 48. 45.  0. 48. 47. 49. 47. 48. 49. 47. 49. 49.
  47. 49. 47. 48. 46.]
 [48. 47. 47. 49. 49. 47. 49. 49. 48.  0. 49. 49. 48. 48. 48. 47. 47. 45.
  48. 48. 48. 47. 48.]
 [49. 48. 49. 49. 49. 49. 49. 48. 47. 49.  0. 49. 47. 48. 49. 48. 47. 48.
  49. 49. 48. 49. 49.]
 [49. 48. 47. 49. 48. 48. 49. 47. 49. 49. 49.  0. 49. 47. 48. 49. 47. 49.
  47. 49. 49. 49. 48.]
 [48. 49. 49. 48. 46. 48. 48. 47. 47. 48. 47. 49.  0. 49. 48. 48. 46. 49.
  49. 48. 48. 49. 49.]
 [48. 49. 47. 49. 47. 48. 49. 49. 48. 48. 48. 47. 49.  0. 49. 49. 49. 49.
  49. 49. 49. 48. 46.]
 [48. 48. 49. 48. 47. 48. 49. 49. 49. 48. 49. 48. 48. 49.  0. 49. 47. 46.
  49. 49. 48. 49. 48.]
 [48. 49. 49. 48. 49. 48. 49. 49. 47. 47. 48. 49. 48. 49. 49.  0. 48. 49.
  47. 48. 49. 48. 48.]
 [47. 49. 49. 45. 46. 49. 48. 48. 49. 47. 47. 47. 46. 49. 47. 48.  0. 49.
  49. 46. 49. 47. 49.]
 [49. 48. 48. 49. 48. 47. 48. 47. 49. 45. 48. 49. 49. 49. 46. 49. 49.  0.
  48. 48. 49. 47. 47.]
 [49. 47. 46. 49. 49. 46. 48. 48. 47. 48. 49. 47. 49. 49. 49. 47. 49. 48.
   0. 46. 49. 48. 48.]
 [48. 48. 49. 47. 49. 46. 49. 48. 49. 48. 49. 49. 48. 49. 49. 48. 46. 48.
  46.  0. 48. 47. 46.]
 [49. 47. 49. 49. 48. 49. 48. 49. 47. 48. 48. 49. 48. 49. 48. 49. 49. 49.
  49. 48.  0. 49. 46.]
 [48. 48. 49. 48. 48. 49. 49. 48. 48. 47. 49. 49. 49. 48. 49. 48. 47. 47.
  48. 47. 49.  0. 49.]
 [48. 49. 48. 47. 49. 48. 49. 48. 46. 48. 49. 48. 49. 46. 48. 48. 49. 47.
  48. 46. 46. 49.  0.]]
Solution:
 [[0.00100092]
 [0.00089492]
 [0.00096127]
 [0.00100942]
 [0.00082904]
 [0.00086592]
 [0.00115262]
 [0.00090853]
 [0.00077536]
 [0.00084493]
 [0.00109622]
 [0.00103945]
 [0.00092388]
 [0.00103532]
 [0.00102292]
 [0.0010429 ]
 [0.00076401]
 [0.00090026]
 [0.00088216]
 [0.00087421]
 [0.0010591 ]
 [0.00100687]
 [0.00083392]]   0.0011526242762769808
______________________________________________________________
Vectors amount:  24
Ham: 
 [[ 0. 49. 47. 48. 48. 49. 47. 49. 47. 49. 49. 48. 48. 48. 48. 49. 48. 47.
  49. 48. 48. 47. 48. 48.]
 [49.  0. 47. 49. 47. 49. 48. 47. 49. 48. 47. 47. 47. 47. 47. 47. 46. 49.
  45. 49. 48. 49. 49. 48.]
 [47. 47.  0. 47. 49. 47. 48. 48. 48. 45. 48. 49. 49. 48. 48. 49. 48. 49.
  47. 47. 49. 48. 49. 47.]
 [48. 49. 47.  0. 48. 49. 48. 48. 47. 47. 49. 47. 45. 48. 48. 48. 46. 49.
  48. 48. 49. 47. 47. 47.]
 [48. 47. 49. 48.  0. 49. 47. 48. 47. 49. 47. 48. 49. 47. 47. 47. 48. 48.
  47. 48. 49. 47. 48. 49.]
 [49. 49. 47. 49. 49.  0. 49. 49. 48. 48. 48. 48. 47. 48. 48. 48. 48. 48.
  48. 48. 49. 48. 49. 48.]
 [47. 48. 48. 48. 47. 49.  0. 46. 49. 49. 47. 49. 48. 48. 49. 48. 46. 48.
  47. 49. 48. 48. 49. 47.]
 [49. 47. 48. 48. 48. 49. 46.  0. 48. 47. 46. 47. 49. 49. 48. 47. 48. 49.
  48. 48. 48. 48. 48. 47.]
 [47. 49. 48. 47. 47. 48. 49. 48.  0. 46. 46. 48. 48. 49. 49. 49. 49. 48.
  46. 46. 48. 49. 48. 49.]
 [49. 48. 45. 47. 49. 48. 49. 47. 46.  0. 49. 49. 49. 48. 46. 48. 48. 49.
  48. 47. 47. 49. 49. 47.]
 [49. 47. 48. 49. 47. 48. 47. 46. 46. 49.  0. 48. 49. 49. 49. 49. 48. 49.
  47. 48. 49. 48. 48. 48.]
 [48. 47. 49. 47. 48. 48. 49. 47. 48. 49. 48.  0. 48. 47. 48. 49. 47. 49.
  48. 49. 48. 47. 49. 47.]
 [48. 47. 49. 45. 49. 47. 48. 49. 48. 49. 49. 48.  0. 46. 47. 49. 46. 47.
  49. 48. 47. 49. 49. 49.]
 [48. 47. 48. 48. 47. 48. 48. 49. 49. 48. 49. 47. 46.  0. 47. 47. 48. 48.
  47. 49. 48. 48. 48. 48.]
 [48. 47. 48. 48. 47. 48. 49. 48. 49. 46. 49. 48. 47. 47.  0. 49. 48. 46.
  48. 49. 49. 49. 48. 47.]
 [49. 47. 49. 48. 47. 48. 48. 47. 49. 48. 49. 49. 49. 47. 49.  0. 49. 48.
  47. 49. 48. 49. 49. 46.]
 [48. 46. 48. 46. 48. 48. 46. 48. 49. 48. 48. 47. 46. 48. 48. 49.  0. 47.
  49. 49. 49. 48. 48. 49.]
 [47. 49. 49. 49. 48. 48. 48. 49. 48. 49. 49. 49. 47. 48. 46. 48. 47.  0.
  47. 46. 48. 49. 48. 47.]
 [49. 45. 47. 48. 47. 48. 47. 48. 46. 48. 47. 48. 49. 47. 48. 47. 49. 47.
   0. 49. 49. 48. 48. 49.]
 [48. 49. 47. 48. 48. 48. 49. 48. 46. 47. 48. 49. 48. 49. 49. 49. 49. 46.
  49.  0. 47. 49. 48. 48.]
 [48. 48. 49. 49. 49. 49. 48. 48. 48. 47. 49. 48. 47. 48. 49. 48. 49. 48.
  49. 47.  0. 48. 49. 49.]
 [47. 49. 48. 47. 47. 48. 48. 48. 49. 49. 48. 47. 49. 48. 49. 49. 48. 49.
  48. 49. 48.  0. 49. 49.]
 [48. 49. 49. 47. 48. 49. 49. 48. 48. 49. 48. 49. 49. 48. 48. 49. 48. 48.
  48. 48. 49. 49.  0. 47.]
 [48. 48. 47. 47. 49. 48. 47. 47. 49. 47. 48. 47. 49. 48. 47. 46. 49. 47.
  49. 48. 49. 49. 47.  0.]]
Solution:
 [[0.00095023]
 [0.00081714]
 [0.00086965]
 [0.00078631]
 [0.0008602 ]
 [0.00102802]
 [0.00088876]
 [0.00084012]
 [0.00085953]
 [0.00086925]
 [0.00094232]
 [0.00092485]
 [0.00088675]
 [0.00084064]
 [0.00089149]
 [0.00100475]
 [0.00084933]
 [0.00089382]
 [0.00081012]
 [0.00095016]
 [0.00104338]
 [0.00102922]
 [0.00107458]
 [0.00083605]]   0.0010745798525079197
______________________________________________________________
Vectors amount:  25
Ham: 
 [[ 0. 48. 48. 49. 45. 47. 48. 48. 49. 47. 44. 48. 48. 49. 47. 49. 48. 49.
  49. 46. 48. 48. 47. 49. 48.]
 [48.  0. 48. 49. 47. 47. 49. 49. 47. 48. 48. 48. 48. 49. 48. 49. 49. 49.
  49. 48. 49. 47. 48. 48. 49.]
 [48. 48.  0. 49. 48. 46. 47. 48. 47. 48. 47. 48. 49. 48. 45. 48. 49. 49.
  49. 49. 49. 48. 47. 49. 46.]
 [49. 49. 49.  0. 49. 48. 48. 47. 49. 46. 48. 47. 47. 49. 49. 48. 49. 49.
  49. 48. 49. 49. 48. 49. 49.]
 [45. 47. 48. 49.  0. 48. 47. 49. 49. 48. 48. 47. 48. 49. 48. 48. 49. 47.
  48. 49. 48. 49. 47. 45. 48.]
 [47. 47. 46. 48. 48.  0. 47. 47. 48. 47. 48. 46. 48. 48. 49. 49. 49. 48.
  49. 49. 49. 49. 49. 47. 47.]
 [48. 49. 47. 48. 47. 47.  0. 47. 48. 49. 47. 48. 47. 48. 48. 49. 48. 47.
  48. 48. 47. 47. 49. 48. 47.]
 [48. 49. 48. 47. 49. 47. 47.  0. 48. 49. 48. 49. 48. 47. 49. 48. 49. 48.
  49. 48. 49. 48. 47. 48. 48.]
 [49. 47. 47. 49. 49. 48. 48. 48.  0. 48. 48. 47. 49. 48. 49. 47. 49. 46.
  49. 45. 48. 47. 49. 49. 48.]
 [47. 48. 48. 46. 48. 47. 49. 49. 48.  0. 49. 49. 49. 46. 49. 49. 48. 46.
  48. 48. 49. 48. 48. 49. 48.]
 [44. 48. 47. 48. 48. 48. 47. 48. 48. 49.  0. 48. 49. 47. 45. 49. 49. 49.
  48. 46. 49. 49. 49. 49. 46.]
 [48. 48. 48. 47. 47. 46. 48. 49. 47. 49. 48.  0. 49. 48. 48. 47. 49. 48.
  48. 47. 49. 49. 48. 48. 46.]
 [48. 48. 49. 47. 48. 48. 47. 48. 49. 49. 49. 49.  0. 46. 49. 49. 48. 49.
  49. 48. 49. 47. 49. 45. 48.]
 [49. 49. 48. 49. 49. 48. 48. 47. 48. 46. 47. 48. 46.  0. 45. 47. 47. 49.
  48. 48. 48. 48. 49. 49. 49.]
 [47. 48. 45. 49. 48. 49. 48. 49. 49. 49. 45. 48. 49. 45.  0. 48. 49. 49.
  49. 48. 49. 49. 47. 49. 46.]
 [49. 49. 48. 48. 48. 49. 49. 48. 47. 49. 49. 47. 49. 47. 48.  0. 48. 48.
  47. 48. 49. 46. 49. 48. 48.]
 [48. 49. 49. 49. 49. 49. 48. 49. 49. 48. 49. 49. 48. 47. 49. 48.  0. 48.
  48. 49. 47. 45. 48. 49. 47.]
 [49. 49. 49. 49. 47. 48. 47. 48. 46. 46. 49. 48. 49. 49. 49. 48. 48.  0.
  47. 48. 49. 48. 47. 49. 48.]
 [49. 49. 49. 49. 48. 49. 48. 49. 49. 48. 48. 48. 49. 48. 49. 47. 48. 47.
   0. 48. 49. 48. 46. 49. 47.]
 [46. 48. 49. 48. 49. 49. 48. 48. 45. 48. 46. 47. 48. 48. 48. 48. 49. 48.
  48.  0. 49. 47. 48. 49. 45.]
 [48. 49. 49. 49. 48. 49. 47. 49. 48. 49. 49. 49. 49. 48. 49. 49. 47. 49.
  49. 49.  0. 48. 49. 49. 49.]
 [48. 47. 48. 49. 49. 49. 47. 48. 47. 48. 49. 49. 47. 48. 49. 46. 45. 48.
  48. 47. 48.  0. 48. 48. 49.]
 [47. 48. 47. 48. 47. 49. 49. 47. 49. 48. 49. 48. 49. 49. 47. 49. 48. 47.
  46. 48. 49. 48.  0. 46. 47.]
 [49. 48. 49. 49. 45. 47. 48. 48. 49. 49. 49. 48. 45. 49. 49. 48. 49. 49.
  49. 49. 49. 48. 46.  0. 49.]
 [48. 49. 46. 49. 48. 47. 47. 48. 48. 48. 46. 46. 48. 49. 46. 48. 47. 48.
  47. 45. 49. 49. 47. 49.  0.]]
Solution:
 [[0.00077054]
 [0.0009765 ]
 [0.00082996]
 [0.00101916]
 [0.00078594]
 [0.00081275]
 [0.00075045]
 [0.00092213]
 [0.00084666]
 [0.00087678]
 [0.00079704]
 [0.00081815]
 [0.00091224]
 [0.00079454]
 [0.00087323]
 [0.00091336]
 [0.00096785]
 [0.00090265]
 [0.0009785 ]
 [0.00077376]
 [0.00112853]
 [0.00078844]
 [0.0007988 ]
 [0.00095381]
 [0.0006964 ]]   0.0011285273078032356
______________________________________________________________
Vectors amount:  26
Ham: 
 [[ 0. 48. 49. 48. 48. 48. 49. 49. 46. 47. 48. 49. 48. 49. 47. 49. 48. 49.
  49. 48. 48. 48. 49. 47. 47. 47.]
 [48.  0. 49. 47. 49. 49. 49. 49. 49. 49. 49. 48. 48. 47. 49. 49. 47. 48.
  47. 48. 48. 48. 49. 48. 47. 47.]
 [49. 49.  0. 49. 46. 48. 48. 48. 47. 48. 49. 46. 48. 49. 49. 49. 49. 49.
  48. 49. 49. 48. 48. 47. 48. 49.]
 [48. 47. 49.  0. 48. 47. 47. 49. 48. 49. 48. 48. 46. 49. 48. 49. 47. 49.
  47. 49. 47. 47. 48. 46. 47. 48.]
 [48. 49. 46. 48.  0. 49. 48. 47. 49. 47. 48. 46. 49. 47. 49. 46. 48. 49.
  48. 47. 47. 48. 47. 49. 49. 49.]
 [48. 49. 48. 47. 49.  0. 49. 47. 49. 47. 46. 49. 47. 48. 48. 48. 48. 48.
  48. 48. 48. 48. 49. 48. 48. 49.]
 [49. 49. 48. 47. 48. 49.  0. 49. 47. 49. 48. 47. 48. 49. 49. 49. 49. 48.
  46. 47. 49. 49. 48. 49. 47. 49.]
 [49. 49. 48. 49. 47. 47. 49.  0. 49. 48. 49. 48. 48. 45. 47. 48. 48. 49.
  46. 49. 47. 47. 48. 48. 49. 49.]
 [46. 49. 47. 48. 49. 49. 47. 49.  0. 46. 47. 49. 46. 47. 47. 48. 48. 48.
  46. 48. 47. 47. 49. 48. 48. 49.]
 [47. 49. 48. 49. 47. 47. 49. 48. 46.  0. 49. 49. 47. 46. 46. 48. 48. 49.
  49. 49. 46. 46. 49. 49. 48. 48.]
 [48. 49. 49. 48. 48. 46. 48. 49. 47. 49.  0. 48. 47. 49. 49. 49. 48. 48.
  48. 47. 48. 48. 49. 49. 49. 49.]
 [49. 48. 46. 48. 46. 49. 47. 48. 49. 49. 48.  0. 49. 48. 49. 49. 46. 48.
  48. 49. 49. 48. 49. 49. 48. 47.]
 [48. 48. 48. 46. 49. 47. 48. 48. 46. 47. 47. 49.  0. 47. 48. 47. 47. 46.
  48. 48. 49. 49. 48. 48. 46. 49.]
 [49. 47. 49. 49. 47. 48. 49. 45. 47. 46. 49. 48. 47.  0. 47. 47. 49. 49.
  48. 49. 48. 47. 49. 49. 47. 47.]
 [47. 49. 49. 48. 49. 48. 49. 47. 47. 46. 49. 49. 48. 47.  0. 48. 48. 48.
  49. 49. 48. 49. 48. 48. 49. 47.]
 [49. 49. 49. 49. 46. 48. 49. 48. 48. 48. 49. 49. 47. 47. 48.  0. 48. 48.
  49. 46. 48. 47. 48. 48. 48. 49.]
 [48. 47. 49. 47. 48. 48. 49. 48. 48. 48. 48. 46. 47. 49. 48. 48.  0. 48.
  48. 49. 48. 47. 49. 48. 49. 49.]
 [49. 48. 49. 49. 49. 48. 48. 49. 48. 49. 48. 48. 46. 49. 48. 48. 48.  0.
  47. 46. 46. 47. 49. 49. 49. 48.]
 [49. 47. 48. 47. 48. 48. 46. 46. 46. 49. 48. 48. 48. 48. 49. 49. 48. 47.
   0. 48. 49. 49. 49. 47. 47. 49.]
 [48. 48. 49. 49. 47. 48. 47. 49. 48. 49. 47. 49. 48. 49. 49. 46. 49. 46.
  48.  0. 49. 48. 48. 49. 49. 49.]
 [48. 48. 49. 47. 47. 48. 49. 47. 47. 46. 48. 49. 49. 48. 48. 48. 48. 46.
  49. 49.  0. 46. 49. 49. 49. 48.]
 [48. 48. 48. 47. 48. 48. 49. 47. 47. 46. 48. 48. 49. 47. 49. 47. 47. 47.
  49. 48. 46.  0. 48. 48. 49. 49.]
 [49. 49. 48. 48. 47. 49. 48. 48. 49. 49. 49. 49. 48. 49. 48. 48. 49. 49.
  49. 48. 49. 48.  0. 47. 49. 49.]
 [47. 48. 47. 46. 49. 48. 49. 48. 48. 49. 49. 49. 48. 49. 48. 48. 48. 49.
  47. 49. 49. 48. 47.  0. 47. 47.]
 [47. 47. 48. 47. 49. 48. 47. 49. 48. 48. 49. 48. 46. 47. 49. 48. 49. 49.
  47. 49. 49. 49. 49. 47.  0. 48.]
 [47. 47. 49. 48. 49. 49. 49. 49. 49. 48. 49. 47. 49. 47. 47. 49. 49. 48.
  49. 49. 48. 49. 49. 47. 48.  0.]]
Solution:
 [[0.00085428]
 [0.00090299]
 [0.00092445]
 [0.00073139]
 [0.00074831]
 [0.00083517]
 [0.00091952]
 [0.000825  ]
 [0.00068642]
 [0.00076506]
 [0.00092645]
 [0.00085473]
 [0.0006611 ]
 [0.00075794]
 [0.00086981]
 [0.00085914]
 [0.00084183]
 [0.00085236]
 [0.00076436]
 [0.00089205]
 [0.00080947]
 [0.00073215]
 [0.00101897]
 [0.00082421]
 [0.00083929]
 [0.00094619]]   0.0010189656855088005
______________________________________________________________
Vectors amount:  27
Ham: 
 [[ 0. 49. 49. 48. 49. 49. 47. 47. 49. 48. 49. 48. 48. 48. 48. 48. 49. 48.
  48. 46. 48. 49. 49. 48. 48. 48. 45.]
 [49.  0. 48. 48. 48. 49. 48. 48. 48. 49. 49. 46. 47. 49. 47. 49. 48. 46.
  49. 47. 49. 49. 48. 48. 49. 49. 48.]
 [49. 48.  0. 49. 48. 47. 49. 48. 48. 49. 47. 48. 48. 49. 48. 47. 49. 47.
  49. 49. 48. 47. 48. 49. 48. 49. 47.]
 [48. 48. 49.  0. 49. 48. 47. 48. 48. 47. 49. 48. 49. 48. 49. 49. 48. 48.
  48. 49. 46. 48. 47. 48. 48. 48. 47.]
 [49. 48. 48. 49.  0. 48. 49. 48. 47. 48. 47. 48. 48. 48. 48. 47. 48. 48.
  49. 48. 47. 49. 47. 48. 49. 48. 49.]
 [49. 49. 47. 48. 48.  0. 47. 48. 48. 48. 49. 49. 48. 48. 48. 47. 48. 49.
  49. 48. 45. 47. 49. 47. 49. 47. 48.]
 [47. 48. 49. 47. 49. 47.  0. 48. 49. 46. 49. 47. 49. 49. 48. 46. 48. 49.
  49. 48. 48. 48. 48. 48. 48. 48. 48.]
 [47. 48. 48. 48. 48. 48. 48.  0. 48. 48. 48. 48. 48. 48. 48. 48. 49. 47.
  49. 49. 48. 48. 47. 49. 48. 48. 49.]
 [49. 48. 48. 48. 47. 48. 49. 48.  0. 48. 49. 46. 47. 48. 48. 48. 48. 49.
  48. 46. 45. 49. 49. 49. 48. 49. 49.]
 [48. 49. 49. 47. 48. 48. 46. 48. 48.  0. 48. 48. 49. 47. 49. 47. 48. 48.
  49. 48. 48. 49. 48. 49. 48. 47. 47.]
 [49. 49. 47. 49. 47. 49. 49. 48. 49. 48.  0. 47. 48. 48. 47. 46. 49. 45.
  47. 47. 49. 49. 48. 49. 48. 48. 48.]
 [48. 46. 48. 48. 48. 49. 47. 48. 46. 48. 47.  0. 49. 49. 49. 49. 49. 47.
  49. 48. 48. 49. 49. 48. 48. 47. 49.]
 [48. 47. 48. 49. 48. 48. 49. 48. 47. 49. 48. 49.  0. 48. 49. 48. 46. 49.
  49. 49. 49. 47. 49. 49. 49. 49. 45.]
 [48. 49. 49. 48. 48. 48. 49. 48. 48. 47. 48. 49. 48.  0. 48. 48. 47. 48.
  49. 47. 49. 49. 49. 48. 46. 49. 48.]
 [48. 47. 48. 49. 48. 48. 48. 48. 48. 49. 47. 49. 49. 48.  0. 47. 49. 48.
  47. 48. 49. 49. 49. 47. 48. 49. 47.]
 [48. 49. 47. 49. 47. 47. 46. 48. 48. 47. 46. 49. 48. 48. 47.  0. 47. 49.
  48. 43. 48. 49. 48. 49. 49. 49. 49.]
 [49. 48. 49. 48. 48. 48. 48. 49. 48. 48. 49. 49. 46. 47. 49. 47.  0. 49.
  49. 47. 48. 48. 49. 49. 48. 49. 45.]
 [48. 46. 47. 48. 48. 49. 49. 47. 49. 48. 45. 47. 49. 48. 48. 49. 49.  0.
  49. 48. 49. 48. 48. 49. 48. 47. 49.]
 [48. 49. 49. 48. 49. 49. 49. 49. 48. 49. 47. 49. 49. 49. 47. 48. 49. 49.
   0. 47. 48. 49. 49. 49. 48. 48. 49.]
 [46. 47. 49. 49. 48. 48. 48. 49. 46. 48. 47. 48. 49. 47. 48. 43. 47. 48.
  47.  0. 48. 48. 48. 49. 48. 48. 44.]
 [48. 49. 48. 46. 47. 45. 48. 48. 45. 48. 49. 48. 49. 49. 49. 48. 48. 49.
  48. 48.  0. 48. 47. 49. 47. 48. 49.]
 [49. 49. 47. 48. 49. 47. 48. 48. 49. 49. 49. 49. 47. 49. 49. 49. 48. 48.
  49. 48. 48.  0. 47. 47. 47. 47. 49.]
 [49. 48. 48. 47. 47. 49. 48. 47. 49. 48. 48. 49. 49. 49. 49. 48. 49. 48.
  49. 48. 47. 47.  0. 47. 47. 48. 48.]
 [48. 48. 49. 48. 48. 47. 48. 49. 49. 49. 49. 48. 49. 48. 47. 49. 49. 49.
  49. 49. 49. 47. 47.  0. 48. 47. 48.]
 [48. 49. 48. 48. 49. 49. 48. 48. 48. 48. 48. 48. 49. 46. 48. 49. 48. 48.
  48. 48. 47. 47. 47. 48.  0. 49. 46.]
 [48. 49. 49. 48. 48. 47. 48. 48. 49. 47. 48. 47. 49. 49. 49. 49. 49. 47.
  48. 48. 48. 47. 48. 47. 49.  0. 48.]
 [45. 48. 47. 47. 49. 48. 48. 49. 49. 47. 48. 49. 45. 48. 47. 49. 45. 49.
  49. 44. 49. 49. 48. 48. 46. 48.  0.]]
Solution:
 [[0.00083187]
 [0.00084585]
 [0.00085221]
 [0.00079434]
 [0.00081369]
 [0.00076512]
 [0.00078633]
 [0.0008062 ]
 [0.00078587]
 [0.00079103]
 [0.00076411]
 [0.00081076]
 [0.00086584]
 [0.00085358]
 [0.00082745]
 [0.00069765]
 [0.00084765]
 [0.00078968]
 [0.00100065]
 [0.00058105]
 [0.00072952]
 [0.00085549]
 [0.00081532]
 [0.00088791]
 [0.00076386]
 [0.00082578]
 [0.00061946]]   0.0010006471093908914
______________________________________________________________
Vectors amount:  28
Ham: 
 [[ 0. 47. 47. 49. 47. 47. 49. 49. 46. 49. 48. 49. 48. 48. 48. 49. 48. 48.
  48. 48. 48. 49. 47. 46. 47. 47. 48. 49.]
 [47.  0. 48. 48. 49. 48. 45. 49. 48. 48. 48. 47. 47. 47. 49. 48. 49. 49.
  49. 47. 46. 45. 47. 49. 49. 47. 48. 46.]
 [47. 48.  0. 48. 49. 49. 49. 46. 47. 48. 47. 49. 49. 48. 47. 48. 47. 49.
  47. 48. 48. 44. 49. 48. 47. 48. 49. 48.]
 [49. 48. 48.  0. 48. 48. 48. 48. 48. 48. 48. 48. 48. 49. 47. 49. 46. 49.
  47. 48. 48. 46. 49. 48. 48. 47. 48. 48.]
 [47. 49. 49. 48.  0. 49. 49. 48. 47. 49. 47. 47. 49. 48. 49. 49. 49. 48.
  48. 48. 49. 48. 48. 47. 48. 48. 48. 49.]
 [47. 48. 49. 48. 49.  0. 47. 49. 49. 48. 49. 47. 47. 48. 47. 47. 49. 49.
  48. 49. 46. 49. 47. 47. 48. 48. 49. 47.]
 [49. 45. 49. 48. 49. 47.  0. 46. 48. 48. 47. 46. 48. 47. 48. 49. 47. 48.
  47. 49. 46. 48. 46. 48. 49. 48. 49. 48.]
 [49. 49. 46. 48. 48. 49. 46.  0. 48. 48. 49. 48. 47. 48. 48. 49. 48. 48.
  48. 48. 48. 48. 48. 48. 48. 47. 49. 49.]
 [46. 48. 47. 48. 47. 49. 48. 48.  0. 49. 46. 48. 48. 49. 48. 48. 48. 48.
  48. 48. 49. 49. 49. 48. 46. 49. 48. 48.]
 [49. 48. 48. 48. 49. 48. 48. 48. 49.  0. 49. 49. 48. 47. 48. 47. 49. 49.
  48. 48. 48. 49. 46. 49. 48. 48. 49. 48.]
 [48. 48. 47. 48. 47. 49. 47. 49. 46. 49.  0. 49. 45. 48. 48. 47. 46. 49.
  48. 47. 47. 49. 48. 48. 49. 48. 49. 48.]
 [49. 47. 49. 48. 47. 47. 46. 48. 48. 49. 49.  0. 43. 46. 48. 48. 49. 49.
  49. 48. 48. 48. 49. 49. 49. 45. 48. 48.]
 [48. 47. 49. 48. 49. 47. 48. 47. 48. 48. 45. 43.  0. 49. 49. 47. 49. 48.
  49. 47. 49. 48. 47. 47. 49. 48. 48. 48.]
 [48. 47. 48. 49. 48. 48. 47. 48. 49. 47. 48. 46. 49.  0. 46. 48. 48. 49.
  49. 47. 46. 48. 49. 47. 47. 48. 49. 49.]
 [48. 49. 47. 47. 49. 47. 48. 48. 48. 48. 48. 48. 49. 46.  0. 47. 48. 49.
  46. 49. 48. 48. 47. 49. 47. 46. 46. 47.]
 [49. 48. 48. 49. 49. 47. 49. 49. 48. 47. 47. 48. 47. 48. 47.  0. 44. 49.
  47. 46. 49. 47. 46. 47. 47. 48. 48. 48.]
 [48. 49. 47. 46. 49. 49. 47. 48. 48. 49. 46. 49. 49. 48. 48. 44.  0. 47.
  48. 44. 48. 47. 46. 48. 49. 49. 45. 48.]
 [48. 49. 49. 49. 48. 49. 48. 48. 48. 49. 49. 49. 48. 49. 49. 49. 47.  0.
  47. 48. 48. 48. 49. 46. 49. 48. 49. 48.]
 [48. 49. 47. 47. 48. 48. 47. 48. 48. 48. 48. 49. 49. 49. 46. 47. 48. 47.
   0. 47. 48. 48. 48. 48. 49. 46. 47. 48.]
 [48. 47. 48. 48. 48. 49. 49. 48. 48. 48. 47. 48. 47. 47. 49. 46. 44. 48.
  47.  0. 48. 46. 48. 49. 49. 48. 48. 48.]
 [48. 46. 48. 48. 49. 46. 46. 48. 49. 48. 47. 48. 49. 46. 48. 49. 48. 48.
  48. 48.  0. 49. 48. 48. 48. 45. 49. 49.]
 [49. 45. 44. 46. 48. 49. 48. 48. 49. 49. 49. 48. 48. 48. 48. 47. 47. 48.
  48. 46. 49.  0. 48. 47. 48. 48. 49. 46.]
 [47. 47. 49. 49. 48. 47. 46. 48. 49. 46. 48. 49. 47. 49. 47. 46. 46. 49.
  48. 48. 48. 48.  0. 49. 49. 48. 49. 47.]
 [46. 49. 48. 48. 47. 47. 48. 48. 48. 49. 48. 49. 47. 47. 49. 47. 48. 46.
  48. 49. 48. 47. 49.  0. 48. 49. 48. 48.]
 [47. 49. 47. 48. 48. 48. 49. 48. 46. 48. 49. 49. 49. 47. 47. 47. 49. 49.
  49. 49. 48. 48. 49. 48.  0. 48. 48. 49.]
 [47. 47. 48. 47. 48. 48. 48. 47. 49. 48. 48. 45. 48. 48. 46. 48. 49. 48.
  46. 48. 45. 48. 48. 49. 48.  0. 46. 47.]
 [48. 48. 49. 48. 48. 49. 49. 49. 48. 49. 49. 48. 48. 49. 46. 48. 45. 49.
  47. 48. 49. 49. 49. 48. 48. 46.  0. 47.]
 [49. 46. 48. 48. 49. 47. 48. 49. 48. 48. 48. 48. 48. 49. 47. 48. 48. 48.
  48. 48. 49. 46. 47. 48. 49. 47. 47.  0.]]
Solution:
 [[0.0007766 ]
 [0.00070167]
 [0.0007581 ]
 [0.00081126]
 [0.00091481]
 [0.00082196]
 [0.00069028]
 [0.00085102]
 [0.00080061]
 [0.00092951]
 [0.00076925]
 [0.00076848]
 [0.00071467]
 [0.00077048]
 [0.00068578]
 [0.00068636]
 [0.00062228]
 [0.00097869]
 [0.00073694]
 [0.00071924]
 [0.00076222]
 [0.0006982 ]
 [0.00076456]
 [0.00076405]
 [0.0008876 ]
 [0.00059734]
 [0.00088452]
 [0.00079237]]   0.0009786895047285617
______________________________________________________________
Vectors amount:  29
Ham: 
 [[ 0. 47. 47. 49. 47. 47. 48. 48. 49. 47. 48. 48. 48. 48. 48. 48. 46. 49.
  49. 47. 48. 49. 48. 49. 46. 48. 49. 48. 49.]
 [47.  0. 49. 49. 47. 49. 47. 49. 49. 48. 49. 49. 47. 48. 48. 48. 49. 49.
  48. 47. 48. 48. 48. 47. 49. 47. 48. 49. 49.]
 [47. 49.  0. 49. 49. 48. 48. 48. 48. 46. 49. 49. 48. 47. 48. 47. 47. 48.
  47. 48. 48. 49. 49. 46. 49. 48. 49. 48. 49.]
 [49. 49. 49.  0. 49. 47. 48. 46. 49. 48. 49. 49. 49. 46. 47. 49. 49. 49.
  48. 48. 49. 48. 49. 49. 47. 49. 48. 48. 49.]
 [47. 47. 49. 49.  0. 49. 48. 48. 49. 46. 49. 47. 48. 48. 48. 48. 49. 49.
  48. 49. 49. 49. 49. 49. 48. 48. 49. 49. 49.]
 [47. 49. 48. 47. 49.  0. 47. 49. 48. 48. 49. 46. 47. 49. 48. 49. 47. 47.
  48. 48. 49. 48. 49. 49. 48. 47. 47. 49. 47.]
 [48. 47. 48. 48. 48. 47.  0. 47. 47. 47. 48. 47. 48. 48. 47. 48. 47. 49.
  49. 49. 49. 47. 48. 48. 49. 49. 48. 49. 49.]
 [48. 49. 48. 46. 48. 49. 47.  0. 47. 49. 47. 47. 48. 49. 48. 48. 49. 48.
  48. 47. 49. 48. 46. 48. 49. 48. 49. 49. 49.]
 [49. 49. 48. 49. 49. 48. 47. 47.  0. 49. 48. 48. 46. 48. 49. 46. 46. 47.
  49. 48. 49. 48. 47. 48. 48. 49. 49. 48. 48.]
 [47. 48. 46. 48. 46. 48. 47. 49. 49.  0. 49. 47. 46. 48. 46. 47. 49. 49.
  48. 49. 48. 49. 47. 47. 48. 49. 47. 48. 48.]
 [48. 49. 49. 49. 49. 49. 48. 47. 48. 49.  0. 49. 48. 49. 45. 47. 47. 48.
  47. 46. 49. 48. 48. 49. 49. 48. 48. 48. 47.]
 [48. 49. 49. 49. 47. 46. 47. 47. 48. 47. 49.  0. 48. 49. 48. 46. 49. 48.
  46. 49. 47. 49. 48. 48. 49. 48. 47. 48. 48.]
 [48. 47. 48. 49. 48. 47. 48. 48. 46. 46. 48. 48.  0. 49. 47. 47. 48. 48.
  49. 48. 47. 48. 48. 48. 48. 49. 47. 48. 48.]
 [48. 48. 47. 46. 48. 49. 48. 49. 48. 48. 49. 49. 49.  0. 47. 49. 48. 48.
  49. 48. 49. 47. 47. 49. 49. 49. 49. 49. 48.]
 [48. 48. 48. 47. 48. 48. 47. 48. 49. 46. 45. 48. 47. 47.  0. 48. 49. 47.
  48. 47. 47. 49. 49. 49. 48. 49. 49. 49. 47.]
 [48. 48. 47. 49. 48. 49. 48. 48. 46. 47. 47. 46. 47. 49. 48.  0. 45. 47.
  49. 49. 48. 47. 48. 48. 47. 47. 49. 49. 48.]
 [46. 49. 47. 49. 49. 47. 47. 49. 46. 49. 47. 49. 48. 48. 49. 45.  0. 49.
  47. 48. 48. 49. 47. 48. 48. 49. 47. 49. 48.]
 [49. 49. 48. 49. 49. 47. 49. 48. 47. 49. 48. 48. 48. 48. 47. 47. 49.  0.
  46. 48. 47. 46. 48. 48. 48. 49. 47. 48. 47.]
 [49. 48. 47. 48. 48. 48. 49. 48. 49. 48. 47. 46. 49. 49. 48. 49. 47. 46.
   0. 48. 46. 48. 47. 48. 49. 48. 49. 45. 48.]
 [47. 47. 48. 48. 49. 48. 49. 47. 48. 49. 46. 49. 48. 48. 47. 49. 48. 48.
  48.  0. 47. 47. 47. 49. 49. 46. 48. 47. 48.]
 [48. 48. 48. 49. 49. 49. 49. 49. 49. 48. 49. 47. 47. 49. 47. 48. 48. 47.
  46. 47.  0. 49. 49. 48. 47. 49. 47. 46. 47.]
 [49. 48. 49. 48. 49. 48. 47. 48. 48. 49. 48. 49. 48. 47. 49. 47. 49. 46.
  48. 47. 49.  0. 49. 48. 48. 48. 47. 47. 47.]
 [48. 48. 49. 49. 49. 49. 48. 46. 47. 47. 48. 48. 48. 47. 49. 48. 47. 48.
  47. 47. 49. 49.  0. 48. 49. 47. 48. 48. 49.]
 [49. 47. 46. 49. 49. 49. 48. 48. 48. 47. 49. 48. 48. 49. 49. 48. 48. 48.
  48. 49. 48. 48. 48.  0. 49. 49. 48. 48. 48.]
 [46. 49. 49. 47. 48. 48. 49. 49. 48. 48. 49. 49. 48. 49. 48. 47. 48. 48.
  49. 49. 47. 48. 49. 49.  0. 48. 48. 47. 45.]
 [48. 47. 48. 49. 48. 47. 49. 48. 49. 49. 48. 48. 49. 49. 49. 47. 49. 49.
  48. 46. 49. 48. 47. 49. 48.  0. 48. 47. 48.]
 [49. 48. 49. 48. 49. 47. 48. 49. 49. 47. 48. 47. 47. 49. 49. 49. 47. 47.
  49. 48. 47. 47. 48. 48. 48. 48.  0. 47. 45.]
 [48. 49. 48. 48. 49. 49. 49. 49. 48. 48. 48. 48. 48. 49. 49. 49. 49. 48.
  45. 47. 46. 47. 48. 48. 47. 47. 47.  0. 47.]
 [49. 49. 49. 49. 49. 47. 49. 49. 48. 48. 47. 48. 48. 48. 47. 48. 48. 47.
  48. 48. 47. 47. 49. 48. 45. 48. 45. 47.  0.]]
Solution:
 [[0.00071306]
 [0.00082165]
 [0.00077104]
 [0.00088285]
 [0.00090559]
 [0.00074024]
 [0.00072898]
 [0.00075506]
 [0.00075798]
 [0.00063742]
 [0.00078497]
 [0.00071296]
 [0.00066368]
 [0.00084631]
 [0.00067212]
 [0.00062493]
 [0.00071192]
 [0.00071259]
 [0.00066763]
 [0.00066389]
 [0.00075206]
 [0.00074978]
 [0.0007518 ]
 [0.00084507]
 [0.0007848 ]
 [0.00081211]
 [0.00070917]
 [0.00072213]
 [0.00067652]]   0.0009055863392161196
______________________________________________________________
Vectors amount:  30
Ham: 
 [[ 0. 46. 48. 49. 47. 48. 47. 49. 49. 49. 46. 48. 47. 48. 49. 48. 49. 47.
  49. 47. 47. 48. 48. 49. 47. 49. 47. 49. 47. 47.]
 [46.  0. 48. 49. 48. 48. 48. 48. 47. 44. 46. 45. 49. 48. 49. 48. 48. 47.
  48. 48. 46. 49. 48. 49. 47. 48. 49. 48. 48. 48.]
 [48. 48.  0. 47. 48. 49. 49. 49. 48. 47. 47. 49. 46. 47. 47. 49. 49. 47.
  49. 49. 48. 48. 48. 48. 49. 49. 48. 45. 47. 49.]
 [49. 49. 47.  0. 49. 48. 49. 47. 47. 47. 48. 47. 48. 49. 48. 47. 48. 48.
  49. 47. 48. 48. 49. 48. 48. 48. 49. 49. 49. 48.]
 [47. 48. 48. 49.  0. 46. 49. 49. 47. 43. 46. 48. 46. 49. 49. 49. 49. 47.
  48. 49. 46. 46. 49. 48. 47. 49. 49. 46. 48. 48.]
 [48. 48. 49. 48. 46.  0. 47. 48. 47. 48. 47. 48. 49. 48. 49. 47. 48. 48.
  49. 49. 47. 47. 48. 49. 46. 47. 49. 49. 48. 48.]
 [47. 48. 49. 49. 49. 47.  0. 48. 49. 48. 48. 49. 49. 48. 49. 48. 49. 48.
  48. 49. 49. 49. 49. 48. 48. 48. 47. 49. 48. 48.]
 [49. 48. 49. 47. 49. 48. 48.  0. 49. 48. 49. 47. 48. 48. 48. 49. 48. 47.
  49. 48. 46. 47. 49. 48. 48. 47. 48. 49. 49. 48.]
 [49. 47. 48. 47. 47. 47. 49. 49.  0. 48. 48. 48. 47. 49. 49. 49. 46. 49.
  47. 49. 49. 49. 47. 47. 47. 49. 47. 48. 49. 47.]
 [49. 44. 47. 47. 43. 48. 48. 48. 48.  0. 47. 49. 49. 48. 48. 49. 48. 48.
  47. 48. 45. 46. 48. 48. 47. 49. 47. 48. 48. 49.]
 [46. 46. 47. 48. 46. 47. 48. 49. 48. 47.  0. 49. 49. 47. 47. 48. 49. 48.
  49. 49. 48. 46. 49. 49. 47. 46. 49. 48. 49. 49.]
 [48. 45. 49. 47. 48. 48. 49. 47. 48. 49. 49.  0. 49. 47. 48. 48. 47. 49.
  49. 44. 46. 48. 49. 49. 48. 48. 48. 46. 48. 49.]
 [47. 49. 46. 48. 46. 49. 49. 48. 47. 49. 49. 49.  0. 48. 48. 49. 49. 48.
  49. 48. 48. 49. 49. 47. 49. 49. 46. 48. 47. 49.]
 [48. 48. 47. 49. 49. 48. 48. 48. 49. 48. 47. 47. 48.  0. 47. 49. 46. 48.
  48. 48. 49. 49. 46. 47. 46. 48. 49. 48. 47. 49.]
 [49. 49. 47. 48. 49. 49. 49. 48. 49. 48. 47. 48. 48. 47.  0. 49. 48. 47.
  47. 48. 49. 45. 49. 49. 48. 47. 46. 47. 47. 49.]
 [48. 48. 49. 47. 49. 47. 48. 49. 49. 49. 48. 48. 49. 49. 49.  0. 49. 49.
  49. 49. 49. 48. 48. 48. 47. 48. 49. 46. 48. 49.]
 [49. 48. 49. 48. 49. 48. 49. 48. 46. 48. 49. 47. 49. 46. 48. 49.  0. 48.
  49. 48. 49. 48. 49. 47. 48. 47. 49. 49. 48. 47.]
 [47. 47. 47. 48. 47. 48. 48. 47. 49. 48. 48. 49. 48. 48. 47. 49. 48.  0.
  49. 49. 48. 49. 49. 48. 46. 49. 48. 47. 48. 49.]
 [49. 48. 49. 49. 48. 49. 48. 49. 47. 47. 49. 49. 49. 48. 47. 49. 49. 49.
   0. 48. 48. 48. 45. 49. 49. 48. 46. 49. 47. 48.]
 [47. 48. 49. 47. 49. 49. 49. 48. 49. 48. 49. 44. 48. 48. 48. 49. 48. 49.
  48.  0. 47. 48. 49. 47. 46. 49. 47. 49. 49. 48.]
 [47. 46. 48. 48. 46. 47. 49. 46. 49. 45. 48. 46. 48. 49. 49. 49. 49. 48.
  48. 47.  0. 45. 48. 49. 49. 46. 49. 48. 48. 48.]
 [48. 49. 48. 48. 46. 47. 49. 47. 49. 46. 46. 48. 49. 49. 45. 48. 48. 49.
  48. 48. 45.  0. 48. 48. 45. 49. 48. 48. 49. 48.]
 [48. 48. 48. 49. 49. 48. 49. 49. 47. 48. 49. 49. 49. 46. 49. 48. 49. 49.
  45. 49. 48. 48.  0. 49. 46. 48. 46. 49. 49. 49.]
 [49. 49. 48. 48. 48. 49. 48. 48. 47. 48. 49. 49. 47. 47. 49. 48. 47. 48.
  49. 47. 49. 48. 49.  0. 47. 49. 47. 48. 49. 47.]
 [47. 47. 49. 48. 47. 46. 48. 48. 47. 47. 47. 48. 49. 46. 48. 47. 48. 46.
  49. 46. 49. 45. 46. 47.  0. 49. 48. 44. 47. 46.]
 [49. 48. 49. 48. 49. 47. 48. 47. 49. 49. 46. 48. 49. 48. 47. 48. 47. 49.
  48. 49. 46. 49. 48. 49. 49.  0. 46. 49. 48. 49.]
 [47. 49. 48. 49. 49. 49. 47. 48. 47. 47. 49. 48. 46. 49. 46. 49. 49. 48.
  46. 47. 49. 48. 46. 47. 48. 46.  0. 48. 49. 48.]
 [49. 48. 45. 49. 46. 49. 49. 49. 48. 48. 48. 46. 48. 48. 47. 46. 49. 47.
  49. 49. 48. 48. 49. 48. 44. 49. 48.  0. 48. 48.]
 [47. 48. 47. 49. 48. 48. 48. 49. 49. 48. 49. 48. 47. 47. 47. 48. 48. 48.
  47. 49. 48. 49. 49. 49. 47. 48. 49. 48.  0. 48.]
 [47. 48. 49. 48. 48. 48. 48. 48. 47. 49. 49. 49. 49. 49. 49. 49. 47. 49.
  48. 48. 48. 48. 49. 47. 46. 49. 48. 48. 48.  0.]]
Solution:
 [[0.00068424]
 [0.00061087]
 [0.00072403]
 [0.00077407]
 [0.00062451]
 [0.00070347]
 [0.00088394]
 [0.0007853 ]
 [0.00072258]
 [0.0005638 ]
 [0.00068948]
 [0.00067043]
 [0.00079682]
 [0.00067517]
 [0.00071184]
 [0.00088772]
 [0.0007935 ]
 [0.00075834]
 [0.00080625]
 [0.00077555]
 [0.00060078]
 [0.00064015]
 [0.00083107]
 [0.00077786]
 [0.00038806]
 [0.00077562]
 [0.00062414]
 [0.00069447]
 [0.00076906]
 [0.00082107]]   0.0008877152040281063
______________________________________________________________
Vectors amount:  31
Ham: 
 [[ 0. 47. 47. 49. 48. 49. 47. 48. 48. 47. 48. 48. 49. 48. 49. 48. 48. 49.
  49. 46. 47. 49. 47. 48. 48. 49. 48. 48. 49. 49. 48.]
 [47.  0. 48. 49. 49. 48. 47. 49. 48. 47. 46. 49. 48. 48. 49. 46. 48. 47.
  48. 46. 47. 46. 48. 49. 48. 48. 48. 48. 49. 49. 49.]
 [47. 48.  0. 49. 48. 47. 48. 48. 49. 49. 47. 48. 48. 48. 47. 49. 48. 46.
  49. 49. 47. 44. 48. 47. 49. 47. 48. 48. 49. 46. 46.]
 [49. 49. 49.  0. 48. 49. 49. 48. 49. 47. 49. 47. 48. 46. 47. 47. 49. 49.
  47. 49. 49. 49. 48. 48. 48. 48. 48. 47. 48. 47. 48.]
 [48. 49. 48. 48.  0. 49. 49. 48. 48. 49. 48. 47. 48. 49. 49. 48. 49. 49.
  49. 49. 49. 49. 48. 48. 46. 49. 49. 47. 49. 49. 47.]
 [49. 48. 47. 49. 49.  0. 48. 48. 47. 48. 48. 48. 48. 48. 49. 48. 48. 49.
  48. 48. 49. 48. 49. 48. 48. 47. 49. 48. 48. 47. 47.]
 [47. 47. 48. 49. 49. 48.  0. 46. 48. 46. 47. 49. 49. 48. 48. 49. 49. 49.
  49. 48. 49. 49. 48. 49. 47. 47. 48. 48. 48. 48. 44.]
 [48. 49. 48. 48. 48. 48. 46.  0. 48. 48. 48. 47. 48. 47. 49. 48. 48. 49.
  49. 49. 49. 48. 48. 47. 48. 48. 47. 49. 47. 49. 48.]
 [48. 48. 49. 49. 48. 47. 48. 48.  0. 49. 48. 47. 44. 46. 48. 48. 48. 47.
  49. 49. 47. 47. 49. 49. 48. 47. 47. 48. 49. 49. 47.]
 [47. 47. 49. 47. 49. 48. 46. 48. 49.  0. 49. 48. 48. 48. 48. 45. 49. 49.
  48. 47. 48. 48. 49. 47. 47. 49. 49. 48. 48. 48. 49.]
 [48. 46. 47. 49. 48. 48. 47. 48. 48. 49.  0. 49. 48. 47. 49. 47. 48. 46.
  47. 46. 49. 47. 47. 47. 49. 48. 48. 48. 49. 49. 48.]
 [48. 49. 48. 47. 47. 48. 49. 47. 47. 48. 49.  0. 48. 49. 47. 48. 49. 48.
  48. 47. 48. 49. 46. 47. 48. 48. 47. 48. 49. 48. 49.]
 [49. 48. 48. 48. 48. 48. 49. 48. 44. 48. 48. 48.  0. 49. 49. 48. 47. 47.
  49. 48. 49. 48. 48. 49. 48. 48. 46. 48. 48. 48. 49.]
 [48. 48. 48. 46. 49. 48. 48. 47. 46. 48. 47. 49. 49.  0. 49. 48. 48. 45.
  49. 47. 49. 47. 49. 49. 48. 47. 47. 48. 49. 48. 48.]
 [49. 49. 47. 47. 49. 49. 48. 49. 48. 48. 49. 47. 49. 49.  0. 48. 47. 49.
  47. 49. 49. 49. 48. 48. 49. 49. 49. 48. 47. 48. 46.]
 [48. 46. 49. 47. 48. 48. 49. 48. 48. 45. 47. 48. 48. 48. 48.  0. 47. 48.
  47. 46. 49. 48. 49. 49. 47. 49. 49. 48. 46. 49. 49.]
 [48. 48. 48. 49. 49. 48. 49. 48. 48. 49. 48. 49. 47. 48. 47. 47.  0. 47.
  49. 49. 48. 48. 48. 48. 49. 48. 49. 49. 48. 49. 49.]
 [49. 47. 46. 49. 49. 49. 49. 49. 47. 49. 46. 48. 47. 45. 49. 48. 47.  0.
  46. 49. 48. 48. 48. 48. 47. 48. 49. 47. 49. 48. 48.]
 [49. 48. 49. 47. 49. 48. 49. 49. 49. 48. 47. 48. 49. 49. 47. 47. 49. 46.
   0. 49. 46. 48. 48. 49. 47. 49. 48. 48. 48. 48. 47.]
 [46. 46. 49. 49. 49. 48. 48. 49. 49. 47. 46. 47. 48. 47. 49. 46. 49. 49.
  49.  0. 49. 46. 48. 48. 47. 49. 48. 48. 48. 48. 48.]
 [47. 47. 47. 49. 49. 49. 49. 49. 47. 48. 49. 48. 49. 49. 49. 49. 48. 48.
  46. 49.  0. 47. 49. 48. 48. 47. 47. 47. 49. 46. 48.]
 [49. 46. 44. 49. 49. 48. 49. 48. 47. 48. 47. 49. 48. 47. 49. 48. 48. 48.
  48. 46. 47.  0. 49. 48. 47. 48. 47. 48. 48. 49. 49.]
 [47. 48. 48. 48. 48. 49. 48. 48. 49. 49. 47. 46. 48. 49. 48. 49. 48. 48.
  48. 48. 49. 49.  0. 47. 49. 49. 49. 49. 49. 47. 49.]
 [48. 49. 47. 48. 48. 48. 49. 47. 49. 47. 47. 47. 49. 49. 48. 49. 48. 48.
  49. 48. 48. 48. 47.  0. 46. 49. 49. 47. 49. 49. 47.]
 [48. 48. 49. 48. 46. 48. 47. 48. 48. 47. 49. 48. 48. 48. 49. 47. 49. 47.
  47. 47. 48. 47. 49. 46.  0. 49. 49. 49. 49. 49. 47.]
 [49. 48. 47. 48. 49. 47. 47. 48. 47. 49. 48. 48. 48. 47. 49. 49. 48. 48.
  49. 49. 47. 48. 49. 49. 49.  0. 47. 48. 48. 46. 48.]
 [48. 48. 48. 48. 49. 49. 48. 47. 47. 49. 48. 47. 46. 47. 49. 49. 49. 49.
  48. 48. 47. 47. 49. 49. 49. 47.  0. 49. 48. 48. 47.]
 [48. 48. 48. 47. 47. 48. 48. 49. 48. 48. 48. 48. 48. 48. 48. 48. 49. 47.
  48. 48. 47. 48. 49. 47. 49. 48. 49.  0. 49. 47. 49.]
 [49. 49. 49. 48. 49. 48. 48. 47. 49. 48. 49. 49. 48. 49. 47. 46. 48. 49.
  48. 48. 49. 48. 49. 49. 49. 48. 48. 49.  0. 48. 49.]
 [49. 49. 46. 47. 49. 47. 48. 49. 49. 48. 49. 48. 48. 48. 48. 49. 49. 48.
  48. 48. 46. 49. 47. 49. 49. 46. 48. 47. 48.  0. 46.]
 [48. 49. 46. 48. 47. 47. 44. 48. 47. 49. 48. 49. 49. 48. 46. 49. 49. 48.
  47. 48. 48. 49. 49. 47. 47. 48. 47. 49. 49. 46.  0.]]
Solution:
 [[0.00072485]
 [0.0006466 ]
 [0.00056519]
 [0.00072758]
 [0.00085484]
 [0.00074556]
 [0.00067241]
 [0.00070095]
 [0.00062266]
 [0.00067911]
 [0.00061374]
 [0.00064756]
 [0.00069115]
 [0.00064685]
 [0.00078917]
 [0.00060954]
 [0.0008033 ]
 [0.00065059]
 [0.00072147]
 [0.00066137]
 [0.00071269]
 [0.00063762]
 [0.00078852]
 [0.00070685]
 [0.00066357]
 [0.00071154]
 [0.00071523]
 [0.00070336]
 [0.00084198]
 [0.00067606]
 [0.00058866]]   0.0008548392223957231
______________________________________________________________
Vectors amount:  32
Ham: 
 [[ 0. 47. 48. ... 46. 48. 48.]
 [47.  0. 48. ... 48. 48. 47.]
 [48. 48.  0. ... 48. 46. 46.]
 ...
 [46. 48. 48. ...  0. 47. 49.]
 [48. 48. 46. ... 47.  0. 49.]
 [48. 47. 46. ... 49. 49.  0.]]
Solution:
 [[0.00063971]
 [0.00068099]
 [0.0006242 ]
 [0.00073829]
 [0.00076051]
 [0.000661  ]
 [0.00056793]
 [0.00064092]
 [0.00067334]
 [0.00060443]
 [0.00075761]
 [0.00066927]
 [0.00067622]
 [0.00073496]
 [0.00065461]
 [0.00074692]
 [0.00073052]
 [0.0006159 ]
 [0.00075706]
 [0.00057345]
 [0.00071939]
 [0.00067963]
 [0.00065374]
 [0.00076181]
 [0.00064676]
 [0.00058378]
 [0.00076516]
 [0.00065782]
 [0.0005337 ]
 [0.00060711]
 [0.00065418]
 [0.00070313]]   0.0007651552767618716
______________________________________________________________
Vectors amount:  33
Ham: 
 [[ 0. 49. 48. ... 47. 49. 46.]
 [49.  0. 47. ... 48. 48. 49.]
 [48. 47.  0. ... 49. 47. 49.]
 ...
 [47. 48. 49. ...  0. 49. 49.]
 [49. 48. 47. ... 49.  0. 49.]
 [46. 49. 49. ... 49. 49.  0.]]
Solution:
 [[0.00075932]
 [0.00064149]
 [0.00069683]
 [0.0007297 ]
 [0.00058541]
 [0.00060187]
 [0.00059423]
 [0.00070116]
 [0.00063981]
 [0.00058771]
 [0.00071364]
 [0.00069283]
 [0.00068391]
 [0.0005219 ]
 [0.00066835]
 [0.00069988]
 [0.00059144]
 [0.00071474]
 [0.00060319]
 [0.00071923]
 [0.00066607]
 [0.00059633]
 [0.00057302]
 [0.00071265]
 [0.00060494]
 [0.00051439]
 [0.00063509]
 [0.00053694]
 [0.00070518]
 [0.00066021]
 [0.0005895 ]
 [0.00078846]
 [0.00071781]]   0.0007884634204278633
______________________________________________________________
Vectors amount:  34
Ham: 
 [[ 0. 48. 49. ... 47. 47. 48.]
 [48.  0. 47. ... 49. 48. 47.]
 [49. 47.  0. ... 47. 48. 49.]
 ...
 [47. 49. 47. ...  0. 49. 49.]
 [47. 48. 48. ... 49.  0. 48.]
 [48. 47. 49. ... 49. 48.  0.]]
Solution:
 [[0.0005861 ]
 [0.00066273]
 [0.00059503]
 [0.00063286]
 [0.00064902]
 [0.0007152 ]
 [0.00057976]
 [0.00056175]
 [0.00061962]
 [0.00063066]
 [0.00070457]
 [0.00060871]
 [0.00063307]
 [0.00061581]
 [0.00059908]
 [0.00068389]
 [0.0006202 ]
 [0.00060907]
 [0.00048458]
 [0.00064313]
 [0.00065091]
 [0.0006097 ]
 [0.00072304]
 [0.00059894]
 [0.00071625]
 [0.00051541]
 [0.00067362]
 [0.00059152]
 [0.0006669 ]
 [0.00057019]
 [0.00068675]
 [0.00058958]
 [0.00071547]
 [0.00072522]]   0.0007252206977412854
______________________________________________________________
Vectors amount:  35
Ham: 
 [[ 0. 47. 47. ... 47. 48. 48.]
 [47.  0. 49. ... 47. 49. 48.]
 [47. 49.  0. ... 48. 44. 49.]
 ...
 [47. 47. 48. ...  0. 46. 49.]
 [48. 49. 44. ... 46.  0. 48.]
 [48. 48. 49. ... 49. 48.  0.]]
Solution:
 [[0.00055091]
 [0.00060782]
 [0.0004473 ]
 [0.00061338]
 [0.00062217]
 [0.00072716]
 [0.00047686]
 [0.00061681]
 [0.00070816]
 [0.00055325]
 [0.00050527]
 [0.0006125 ]
 [0.00070231]
 [0.00073831]
 [0.00066969]
 [0.00070029]
 [0.00053761]
 [0.00058868]
 [0.00060492]
 [0.00059675]
 [0.00061735]
 [0.00066112]
 [0.00071631]
 [0.00068508]
 [0.00055445]
 [0.00051945]
 [0.00068008]
 [0.000683  ]
 [0.00047244]
 [0.00069439]
 [0.00071668]
 [0.00062849]
 [0.00047298]
 [0.0005066 ]
 [0.00067061]]   0.0007383115347093303
______________________________________________________________
Vectors amount:  36
Ham: 
 [[ 0. 49. 48. ... 49. 47. 49.]
 [49.  0. 47. ... 47. 48. 48.]
 [48. 47.  0. ... 47. 47. 48.]
 ...
 [49. 47. 47. ...  0. 49. 48.]
 [47. 48. 47. ... 49.  0. 46.]
 [49. 48. 48. ... 48. 46.  0.]]
Solution:
 [[0.00056544]
 [0.00050889]
 [0.00054826]
 [0.00061921]
 [0.00068807]
 [0.00052783]
 [0.00067451]
 [0.00060344]
 [0.000596  ]
 [0.00054637]
 [0.00064911]
 [0.00060071]
 [0.00052994]
 [0.00070777]
 [0.00040822]
 [0.00066363]
 [0.0006202 ]
 [0.00061526]
 [0.00049879]
 [0.00062393]
 [0.00055227]
 [0.00060463]
 [0.00073925]
 [0.00070249]
 [0.00073712]
 [0.00059687]
 [0.00059889]
 [0.0006603 ]
 [0.00058534]
 [0.00053675]
 [0.00058954]
 [0.00045768]
 [0.00055691]
 [0.000654  ]
 [0.00051061]
 [0.00055386]]   0.0007392458541645225
______________________________________________________________
Vectors amount:  37
Ham: 
 [[ 0. 49. 49. ... 45. 48. 48.]
 [49.  0. 47. ... 49. 46. 48.]
 [49. 47.  0. ... 48. 47. 48.]
 ...
 [45. 49. 48. ...  0. 47. 48.]
 [48. 46. 47. ... 47.  0. 49.]
 [48. 48. 48. ... 48. 49.  0.]]
Solution:
 [[0.00057087]
 [0.00061155]
 [0.00063649]
 [0.00052153]
 [0.0005346 ]
 [0.00064492]
 [0.00044814]
 [0.00061077]
 [0.00054392]
 [0.00041586]
 [0.00056692]
 [0.00054233]
 [0.00063376]
 [0.00057352]
 [0.00077605]
 [0.00054079]
 [0.00065692]
 [0.00064268]
 [0.00061027]
 [0.00064509]
 [0.00056054]
 [0.00062696]
 [0.00051299]
 [0.00053654]
 [0.00055273]
 [0.00062342]
 [0.00051588]
 [0.00053288]
 [0.00046918]
 [0.00061038]
 [0.00060278]
 [0.00068083]
 [0.00050663]
 [0.00055281]
 [0.00062806]
 [0.00058765]
 [0.00061926]]   0.0007760458473859216
______________________________________________________________
Vectors amount:  38
Ham: 
 [[ 0. 49. 48. ... 48. 49. 47.]
 [49.  0. 47. ... 49. 46. 48.]
 [48. 47.  0. ... 49. 49. 48.]
 ...
 [48. 49. 49. ...  0. 47. 46.]
 [49. 46. 49. ... 47.  0. 49.]
 [47. 48. 48. ... 46. 49.  0.]]
Solution:
 [[0.00052569]
 [0.0004465 ]
 [0.00062175]
 [0.00048982]
 [0.00055702]
 [0.00057017]
 [0.0005379 ]
 [0.00065804]
 [0.00064103]
 [0.00057377]
 [0.00054099]
 [0.0004652 ]
 [0.00058065]
 [0.00045516]
 [0.00064269]
 [0.00056111]
 [0.00052382]
 [0.00049926]
 [0.00047455]
 [0.00058103]
 [0.00053554]
 [0.00056256]
 [0.00047521]
 [0.0006369 ]
 [0.00069318]
 [0.00054044]
 [0.00070894]
 [0.00053997]
 [0.00043372]
 [0.00062095]
 [0.00062023]
 [0.00054713]
 [0.00056838]
 [0.00065239]
 [0.0006162 ]
 [0.00062786]
 [0.00053074]
 [0.00054182]]   0.0007089377841392779
______________________________________________________________
Vectors amount:  39
Ham: 
 [[ 0. 48. 48. ... 49. 48. 49.]
 [48.  0. 48. ... 48. 49. 48.]
 [48. 48.  0. ... 47. 49. 49.]
 ...
 [49. 48. 47. ...  0. 48. 48.]
 [48. 49. 49. ... 48.  0. 46.]
 [49. 48. 49. ... 48. 46.  0.]]
Solution:
 [[0.00058351]
 [0.00048183]
 [0.00058469]
 [0.00069059]
 [0.00064557]
 [0.00054753]
 [0.00051617]
 [0.00052418]
 [0.00055014]
 [0.00043856]
 [0.0005528 ]
 [0.00055159]
 [0.00051302]
 [0.00043559]
 [0.00051222]
 [0.00051534]
 [0.00037928]
 [0.00051649]
 [0.00055016]
 [0.00059318]
 [0.00054641]
 [0.00056987]
 [0.00045645]
 [0.00060004]
 [0.00058189]
 [0.00055478]
 [0.00057985]
 [0.00052145]
 [0.00055498]
 [0.00052505]
 [0.00063771]
 [0.00066006]
 [0.00052563]
 [0.00056747]
 [0.00076303]
 [0.00049641]
 [0.00052992]
 [0.00047635]
 [0.00053096]]   0.0007630297079902321
______________________________________________________________
Vectors amount:  40
Ham: 
 [[ 0. 47. 47. ... 48. 49. 46.]
 [47.  0. 49. ... 48. 49. 49.]
 [47. 49.  0. ... 49. 49. 49.]
 ...
 [48. 48. 49. ...  0. 48. 48.]
 [49. 49. 49. ... 48.  0. 49.]
 [46. 49. 49. ... 48. 49.  0.]]
Solution:
 [[0.00049947]
 [0.00065006]
 [0.00044973]
 [0.00058983]
 [0.00037346]
 [0.0005956 ]
 [0.00054423]
 [0.00055442]
 [0.00047839]
 [0.00058165]
 [0.0004702 ]
 [0.0004273 ]
 [0.00049863]
 [0.00054734]
 [0.00052757]
 [0.00041299]
 [0.00049048]
 [0.00052044]
 [0.00057047]
 [0.0005386 ]
 [0.00058961]
 [0.00055697]
 [0.00050085]
 [0.00064391]
 [0.00052952]
 [0.00061495]
 [0.00047573]
 [0.00041672]
 [0.00064593]
 [0.00057579]
 [0.00054454]
 [0.0005383 ]
 [0.00057308]
 [0.00056049]
 [0.00050956]
 [0.00044189]
 [0.00063308]
 [0.00057323]
 [0.00066346]
 [0.00045754]]   0.0006634641780383954
______________________________________________________________
Vectors amount:  41
Ham: 
 [[ 0. 46. 46. ... 49. 49. 49.]
 [46.  0. 45. ... 48. 49. 48.]
 [46. 45.  0. ... 48. 47. 49.]
 ...
 [49. 48. 48. ...  0. 48. 49.]
 [49. 49. 47. ... 48.  0. 49.]
 [49. 48. 49. ... 49. 49.  0.]]
Solution:
 [[0.00054579]
 [0.00037365]
 [0.00041174]
 [0.00047545]
 [0.00064456]
 [0.00056463]
 [0.00040664]
 [0.00056951]
 [0.00049493]
 [0.00049885]
 [0.00066321]
 [0.0005985 ]
 [0.00054143]
 [0.00055256]
 [0.00060752]
 [0.00056059]
 [0.00056389]
 [0.00050252]
 [0.00053044]
 [0.00047118]
 [0.00050559]
 [0.0004524 ]
 [0.00050446]
 [0.00045669]
 [0.00056273]
 [0.00055578]
 [0.00061158]
 [0.00041949]
 [0.00045998]
 [0.00049297]
 [0.00051991]
 [0.00035021]
 [0.00046863]
 [0.00061796]
 [0.00054564]
 [0.00049523]
 [0.00052952]
 [0.00050133]
 [0.00067303]
 [0.0005308 ]
 [0.00051797]]   0.0006730267898322836
______________________________________________________________
Vectors amount:  42
Ham: 
 [[ 0. 48. 49. ... 49. 47. 48.]
 [48.  0. 47. ... 49. 47. 48.]
 [49. 47.  0. ... 48. 49. 48.]
 ...
 [49. 49. 48. ...  0. 49. 47.]
 [47. 47. 49. ... 49.  0. 46.]
 [48. 48. 48. ... 47. 46.  0.]]
Solution:
 [[0.00061108]
 [0.00045888]
 [0.00048311]
 [0.00044677]
 [0.00056683]
 [0.00043374]
 [0.00050296]
 [0.00053809]
 [0.00060917]
 [0.00054058]
 [0.00050483]
 [0.00050916]
 [0.00043096]
 [0.00058842]
 [0.00057318]
 [0.00053322]
 [0.00058888]
 [0.00054441]
 [0.0006486 ]
 [0.00050027]
 [0.00052244]
 [0.00054932]
 [0.00033201]
 [0.00047502]
 [0.00039128]
 [0.00059713]
 [0.00051146]
 [0.00046532]
 [0.0004725 ]
 [0.00044833]
 [0.00050587]
 [0.00046755]
 [0.00040884]
 [0.00054067]
 [0.00057137]
 [0.00030003]
 [0.00048201]
 [0.00065553]
 [0.00055807]
 [0.00054669]
 [0.00047444]
 [0.00044934]]   0.0006555317651139791
______________________________________________________________
Vectors amount:  43
Ham: 
 [[ 0. 48. 47. ... 49. 47. 48.]
 [48.  0. 49. ... 46. 48. 47.]
 [47. 49.  0. ... 47. 48. 49.]
 ...
 [49. 46. 47. ...  0. 48. 49.]
 [47. 48. 48. ... 48.  0. 48.]
 [48. 47. 49. ... 49. 48.  0.]]
Solution:
 [[0.00050826]
 [0.00051487]
 [0.00047719]
 [0.00045676]
 [0.00033335]
 [0.00052341]
 [0.0004241 ]
 [0.00050467]
 [0.00056795]
 [0.00049853]
 [0.00045689]
 [0.00051778]
 [0.00051665]
 [0.0005141 ]
 [0.00050124]
 [0.00062251]
 [0.00046453]
 [0.00052089]
 [0.00053028]
 [0.00058283]
 [0.00045493]
 [0.0006049 ]
 [0.00044107]
 [0.00057279]
 [0.0004834 ]
 [0.00046564]
 [0.00041089]
 [0.00051462]
 [0.00046928]
 [0.00046636]
 [0.00045961]
 [0.00035809]
 [0.00058114]
 [0.00046989]
 [0.00060024]
 [0.00041519]
 [0.00054543]
 [0.00054091]
 [0.00043274]
 [0.00058107]
 [0.00050336]
 [0.00043293]
 [0.00047185]]   0.00062251279973933
______________________________________________________________
Vectors amount:  44
Ham: 
 [[ 0. 47. 49. ... 49. 47. 47.]
 [47.  0. 47. ... 49. 49. 48.]
 [49. 47.  0. ... 49. 49. 49.]
 ...
 [49. 49. 49. ...  0. 45. 48.]
 [47. 49. 49. ... 45.  0. 49.]
 [47. 48. 49. ... 48. 49.  0.]]
Solution:
 [[0.00047364]
 [0.00045448]
 [0.00043557]
 [0.00054055]
 [0.00053312]
 [0.00050888]
 [0.0005621 ]
 [0.00031635]
 [0.00043368]
 [0.00056928]
 [0.00047741]
 [0.0004143 ]
 [0.0004625 ]
 [0.00052712]
 [0.00046631]
 [0.00060275]
 [0.00037491]
 [0.00048237]
 [0.00048263]
 [0.00036405]
 [0.00041431]
 [0.00043786]
 [0.00052677]
 [0.00056272]
 [0.00045459]
 [0.00046753]
 [0.00052286]
 [0.00050513]
 [0.00047678]
 [0.00056764]
 [0.00055236]
 [0.00055041]
 [0.00047124]
 [0.0003909 ]
 [0.00034539]
 [0.00053828]
 [0.00048729]
 [0.00049015]
 [0.00053793]
 [0.00047448]
 [0.00045317]
 [0.0004845 ]
 [0.00051535]
 [0.00059294]]   0.0006027499522402708
______________________________________________________________
Vectors amount:  45
Ham: 
 [[ 0. 47. 48. ... 47. 48. 47.]
 [47.  0. 49. ... 49. 47. 44.]
 [48. 49.  0. ... 49. 49. 48.]
 ...
 [47. 49. 49. ...  0. 48. 49.]
 [48. 47. 49. ... 48.  0. 49.]
 [47. 44. 48. ... 49. 49.  0.]]
Solution:
 [[0.00038314]
 [0.00046655]
 [0.00052289]
 [0.00043456]
 [0.00033899]
 [0.00051926]
 [0.00041063]
 [0.00049612]
 [0.00046496]
 [0.00050034]
 [0.00052027]
 [0.00047467]
 [0.00048333]
 [0.00057504]
 [0.00040749]
 [0.00049487]
 [0.00056455]
 [0.00044995]
 [0.00048328]
 [0.00041858]
 [0.0004455 ]
 [0.00052106]
 [0.00042694]
 [0.00036406]
 [0.00056662]
 [0.00036564]
 [0.00042927]
 [0.00043291]
 [0.00054914]
 [0.00060853]
 [0.00041596]
 [0.00050012]
 [0.00048213]
 [0.00056568]
 [0.00035976]
 [0.00046313]
 [0.00044035]
 [0.0005521 ]
 [0.00053753]
 [0.0004733 ]
 [0.00053045]
 [0.00045936]
 [0.00044282]
 [0.00044797]
 [0.00051054]]   0.0006085337858842135
______________________________________________________________
Vectors amount:  46
Ham: 
 [[ 0. 48. 47. ... 47. 48. 47.]
 [48.  0. 49. ... 48. 49. 49.]
 [47. 49.  0. ... 48. 49. 49.]
 ...
 [47. 48. 48. ...  0. 49. 49.]
 [48. 49. 49. ... 49.  0. 49.]
 [47. 49. 49. ... 49. 49.  0.]]
Solution:
 [[0.00044957]
 [0.00061367]
 [0.00029669]
 [0.00038123]
 [0.00038536]
 [0.00056211]
 [0.00048964]
 [0.0004349 ]
 [0.00053317]
 [0.00054952]
 [0.00049057]
 [0.0005254 ]
 [0.00048826]
 [0.00048626]
 [0.00052675]
 [0.00033438]
 [0.00046019]
 [0.00047804]
 [0.00049036]
 [0.0004875 ]
 [0.00046176]
 [0.00043214]
 [0.00038104]
 [0.00040673]
 [0.00040479]
 [0.00039615]
 [0.00048438]
 [0.00041358]
 [0.00044811]
 [0.00045449]
 [0.00044024]
 [0.00046223]
 [0.00048646]
 [0.00040316]
 [0.0005384 ]
 [0.00042773]
 [0.00047559]
 [0.00050151]
 [0.00041908]
 [0.00042339]
 [0.00044908]
 [0.0005527 ]
 [0.00044285]
 [0.00053377]
 [0.00047578]
 [0.00048437]]   0.0006136686292632817
______________________________________________________________
Vectors amount:  47
Ham: 
 [[ 0. 47. 49. ... 48. 49. 49.]
 [47.  0. 49. ... 48. 48. 47.]
 [49. 49.  0. ... 47. 47. 49.]
 ...
 [48. 48. 47. ...  0. 49. 48.]
 [49. 48. 47. ... 49.  0. 48.]
 [49. 47. 49. ... 48. 48.  0.]]
Solution:
 [[0.00048059]
 [0.00039861]
 [0.00048453]
 [0.00047973]
 [0.00044711]
 [0.00055405]
 [0.00053682]
 [0.00046774]
 [0.00045481]
 [0.00034493]
 [0.00036662]
 [0.00054985]
 [0.00040526]
 [0.00049444]
 [0.00033085]
 [0.00048369]
 [0.00046177]
 [0.00039982]
 [0.00051848]
 [0.00051576]
 [0.0005963 ]
 [0.00051861]
 [0.00042108]
 [0.00048882]
 [0.0004828 ]
 [0.00034706]
 [0.00048285]
 [0.00048312]
 [0.00049418]
 [0.00044616]
 [0.00038218]
 [0.00062897]
 [0.00040017]
 [0.00040176]
 [0.00048438]
 [0.00046154]
 [0.00054301]
 [0.00045853]
 [0.00040772]
 [0.00041271]
 [0.00044288]
 [0.00035835]
 [0.00037517]
 [0.00044526]
 [0.00030998]
 [0.00038226]
 [0.0004486 ]]   0.0006289735996181179
______________________________________________________________
Vectors amount:  48
Ham: 
 [[ 0. 49. 48. ... 49. 47. 48.]
 [49.  0. 46. ... 47. 48. 47.]
 [48. 46.  0. ... 48. 48. 48.]
 ...
 [49. 47. 48. ...  0. 49. 49.]
 [47. 48. 48. ... 49.  0. 48.]
 [48. 47. 48. ... 49. 48.  0.]]
Solution:
 [[0.00046223]
 [0.00038089]
 [0.0004113 ]
 [0.00045208]
 [0.00043368]
 [0.00047439]
 [0.00036927]
 [0.00047987]
 [0.00038619]
 [0.00049083]
 [0.00039569]
 [0.00038154]
 [0.00039853]
 [0.00045349]
 [0.00054382]
 [0.00052803]
 [0.00051192]
 [0.00045976]
 [0.00046587]
 [0.00038551]
 [0.00041162]
 [0.00042981]
 [0.00044012]
 [0.00052274]
 [0.00049824]
 [0.00027003]
 [0.00037569]
 [0.00035159]
 [0.00038975]
 [0.00051144]
 [0.00046527]
 [0.00044415]
 [0.00048749]
 [0.00043416]
 [0.00054047]
 [0.00047935]
 [0.00054429]
 [0.00043277]
 [0.00043143]
 [0.00033484]
 [0.00044415]
 [0.00037907]
 [0.00044537]
 [0.00045649]
 [0.00053398]
 [0.00043899]
 [0.0004757 ]
 [0.00041543]]   0.0005442883395980177
______________________________________________________________
Vectors amount:  49
Ham: 
 [[ 0. 48. 49. ... 49. 49. 49.]
 [48.  0. 49. ... 47. 48. 48.]
 [49. 49.  0. ... 48. 49. 47.]
 ...
 [49. 47. 48. ...  0. 48. 47.]
 [49. 48. 49. ... 48.  0. 45.]
 [49. 48. 47. ... 47. 45.  0.]]
Solution:
 [[0.00057276]
 [0.00040246]
 [0.00048296]
 [0.00040894]
 [0.00045503]
 [0.00040303]
 [0.00045998]
 [0.00042195]
 [0.00037077]
 [0.00043741]
 [0.00044359]
 [0.00050085]
 [0.00042375]
 [0.00040578]
 [0.00046373]
 [0.00043445]
 [0.00041067]
 [0.00029915]
 [0.00040875]
 [0.00039549]
 [0.00037164]
 [0.00044804]
 [0.00047696]
 [0.00046127]
 [0.00038211]
 [0.0003815 ]
 [0.00047326]
 [0.00044201]
 [0.00043126]
 [0.00042214]
 [0.00045149]
 [0.00042047]
 [0.00042086]
 [0.00033729]
 [0.00052669]
 [0.00043035]
 [0.00047881]
 [0.00050276]
 [0.00042156]
 [0.00043662]
 [0.00030756]
 [0.00043094]
 [0.00047837]
 [0.00054805]
 [0.00037469]
 [0.00055038]
 [0.00048605]
 [0.00045061]
 [0.00032091]]   0.0005727572000388919
______________________________________________________________
Vectors amount:  50
Ham: 
 [[ 0. 49. 49. ... 49. 47. 48.]
 [49.  0. 48. ... 49. 48. 48.]
 [49. 48.  0. ... 49. 48. 48.]
 ...
 [49. 49. 49. ...  0. 49. 48.]
 [47. 48. 48. ... 49.  0. 48.]
 [48. 48. 48. ... 48. 48.  0.]]
Solution:
 [[0.00049691]
 [0.00048456]
 [0.00032991]
 [0.00030775]
 [0.00051608]
 [0.000376  ]
 [0.00049562]
 [0.00046427]
 [0.00040873]
 [0.00039527]
 [0.00043809]
 [0.00047228]
 [0.0005387 ]
 [0.00044311]
 [0.00040443]
 [0.00042147]
 [0.00043275]
 [0.00030023]
 [0.00048196]
 [0.00042987]
 [0.00034622]
 [0.00046006]
 [0.0003525 ]
 [0.00043649]
 [0.00031879]
 [0.00040956]
 [0.00044805]
 [0.00042544]
 [0.00040101]
 [0.00042223]
 [0.00043062]
 [0.00042178]
 [0.00042412]
 [0.00048872]
 [0.0004341 ]
 [0.00038501]
 [0.00040894]
 [0.00045773]
 [0.00044218]
 [0.00042585]
 [0.00040968]
 [0.00049158]
 [0.00051263]
 [0.00045126]
 [0.00032206]
 [0.0005185 ]
 [0.00039596]
 [0.00030328]
 [0.00043173]
 [0.00043243]]   0.0005387032564768062
______________________________________________________________
